0	310	159447.7	0.063319	6.944	17	310	1	-1	20245,11409,8/20/2012,0006244	1
1	4741.3	18286.9	25771.6	42947.9	49671.8	51686.0	67043.5	69361.1	73573.2	89343.5	101131.7	108980.0	110709.0	126742.2	142492.8	143756.2	152503.1	159447.7
QX11	11.5373	8.3951	8.0090	18.3441	6.6542	8.6577	6.7358	23.3238	19.7265	28.8250	6.7333	11.2532	7.1772	30.6862	9.8412	4.5540	6.2306
QX12	0.1897	0.0690	0.0482	0.1625	0.0529	0.0592	0.0514	0.2065	0.1336	0.1069	0.0292	0.0501	0.0380	0.2149	0.1333	0.1012	0.0788
0	457	192403.3	0.086581	20.827	17	457	1	-1	20245,11409,8/20/2012,0006244	1
1	2695.5	10776.9	16522.7	22491.3	26926.1	30914.0	57586.7	60216.5	64410.5	74219.1	91962.3	104143.0	107194.7	124086.5	143223.5	167610.1	172405.7	192403.3
QX11	49.5988	65.2751	16.6581	52.6860	40.4915	53.6266	11.5489	49.5999	13.6643	64.0838	35.1245	24.1611	15.1525	45.1403	42.6047	13.4313	69.6671
QX12	0.2115	0.4742	0.0692	0.2809	0.3091	0.3761	0.0652	0.2930	0.0619	0.4039	0.1278	0.0810	0.0569	0.2097	0.1535	0.0518	0.3363
0	500	169141.5	0.059641	10.090	15	500	1	-1	20245,11409,8/20/2012,0006244	1
1	4563.7	27972.4	30496.5	40802.7	43219.6	46560.7	52230.8	59207.8	66186.5	78496.1	94676.1	121474.7	135168.0	141780.9	147892.3	169141.5
QX11	14.4066	26.3980	7.8075	12.0255	9.3068	7.5862	30.9084	18.3898	15.7005	34.4282	16.4827	19.7470	4.8972	20.9914	17.9149
QX12	0.0460	0.1498	0.0529	0.1100	0.1127	0.0498	0.1443	0.0805	0.0635	0.1648	0.0606	0.0932	0.0292	0.1060	0.0865
0	793	120243.6	0.080028	9.073	22	187	2	-1	20245,11409,8/20/2012,0006244	1
1	4852.3	8247.9	11715.4	20525.6	36270.3	38124.8	44790.6	50380.2	54226.3	55536.3	68002.6	77087.3	87315.5	88975.5	91262.4	102048.4	104875.1	106398.9	109251.8	113830.4	116164.1	120243.6	120243.6
QX11	31.3374	45.5137	15.8577	53.2865	30.5604	16.0964	9.7994	25.5569	48.3299	7.1917	25.9737	48.4056	33.6218	6.5309	14.2776	28.3782	6.6907	24.1528	21.1845	35.9142	42.1146	27.7371
QX12	0.3163	0.5607	0.1410	0.2138	0.1786	0.0893	0.0431	0.1064	0.2687	0.0468	0.0788	0.1756	0.1782	0.0713	0.0674	0.2278	0.1211	0.2634	0.1325	0.3496	0.3993	0.1489
0	1243	129400.6	0.111105	5.045	13	637	2	-1	20245,11409,8/20/2012,0006244	1
1	627.2	5236.0	13967.2	17526.7	20946.3	35356.7	42053.9	56231.1	80725.6	91385.9	105827.1	113797.0	123495.7	129400.6
QX11	12.9000	36.1768	14.2306	50.2310	6.6481	36.5522	26.9106	26.4093	28.8963	27.5391	31.5620	10.4691	23.1130
QX12	0.0769	0.2034	0.1331	0.3479	0.0646	0.2468	0.1786	0.1191	0.1767	0.1623	0.2510	0.0550	0.1872
0	1264	130369.6	0.102526	10.514	7	658	2	-1	20245,11409,8/20/2012,0006244	1
1	2660.6	34490.9	56647.7	75814.1	87649.4	108490.6	127069.9	130369.6
QX11	14.4458	17.0624	19.8352	5.4501	23.1142	13.8227	9.7396
QX12	0.0853	0.1092	0.1248	0.0319	0.1011	0.0889	0.0679
0	1464	131338.6	0.072976	12.668	14	858	2	-1	20245,11409,8/20/2012,0006244	1
1	26075.4	30446.1	35704.3	48448.3	53519.9	56624.9	59272.0	79083.3	83362.0	90387.1	93331.4	106600.7	113709.1	116580.2	131338.6
QX11	27.9077	40.0827	12.1187	5.7644	21.5552	5.8185	17.2413	37.5034	12.7490	19.1480	19.7052	6.2267	11.9099	6.1245
QX12	0.2403	0.3266	0.0746	0.0470	0.3553	0.1577	0.3055	0.4296	0.1010	0.2261	0.2306	0.0392	0.0637	0.0418
0	1537	223906.4	0.129192	13.311	29	931	2	-1	20245,11409,8/20/2012,0006244	1
1	10540.2	14336.6	16659.6	22217.6	31111.0	43733.8	47057.5	56947.4	59542.2	60935.4	68583.4	72117.1	75424.2	80638.3	83249.7	86648.5	91892.3	95388.7	97762.1	114299.1	128177.3	158303.6	170882.5	172410.9	177087.1	179999.3	181371.4	190116.2	190166.1	223906.4
QX11	22.8526	9.0373	43.5592	32.5706	47.1990	20.7825	30.5852	25.9289	5.7489	11.2659	47.0449	14.0737	50.3965	14.0291	14.3474	9.7749	35.7345	5.8620	14.6575	54.4619	15.1959	19.3735	19.4499	12.6595	12.4233	6.2845	18.7008	4.2848	4.4722
QX12	0.1057	0.0745	0.2586	0.1375	0.2302	0.0921	0.1474	0.1735	0.0755	0.0758	0.3791	0.1586	0.3805	0.0939	0.0980	0.0521	0.1699	0.0530	0.0792	0.2954	0.0588	0.0763	0.2131	0.1968	0.1395	0.1063	0.1468	0.0296	0.0280
0	1695	103714.2	0.062830	9.861	12	1089	2	-1	20245,11409,8/20/2012,0006244	1
1	2646.8	7234.0	17685.2	28774.4	33811.0	48814.9	58110.2	72700.9	76988.1	84219.5	88491.9	103330.6	103714.2
QX11	8.5187	6.3149	14.9905	8.8697	8.0295	46.6762	25.8609	14.8731	8.9168	16.7497	21.8996	13.6005
QX12	0.0571	0.1257	0.2110	0.1106	0.1096	0.3614	0.2574	0.1166	0.1251	0.0852	0.1158	0.0619
0	1956	111952.4	0.104991	14.606	16	165	3	-1	20245,11409,8/20/2012,0006244	1
1	12812.7	18173.8	22803.8	33657.5	41860.6	55332.7	61379.3	62944.3	65348.7	79673.4	86652.7	86834.3	94604.6	97291.3	101228.6	104055.8	111952.4
QX11	47.5978	15.3593	33.6143	16.4946	63.9877	21.1467	7.1694	15.4333	5.1101	18.3972	8.0821	10.7624	9.2070	25.1959	18.4508	36.0739
QX12	0.2347	0.0766	0.2008	0.0682	0.6531	0.1176	0.0596	0.1390	0.0586	0.1566	0.1376	0.1757	0.0641	0.1623	0.2203	0.3999
0	2163	105652.8	0.119484	12.872	14	372	3	-1	20245,11409,8/20/2012,0006244	1
1	7879.3	12835.0	14204.1	17828.0	26695.4	30721.9	35338.2	42592.8	44626.7	55296.9	81658.5	83129.0	92918.4	95752.7	105652.8
QX11	43.1718	16.5617	33.4009	9.7447	30.3625	44.9367	46.4621	17.9781	19.9980	49.2746	10.8050	25.3605	23.6343	6.4985
QX12	0.2095	0.1302	0.2756	0.0819	0.1601	0.2632	0.2181	0.1483	0.2290	0.2202	0.0731	0.1506	0.0967	0.0399
0	2409	143470.1	0.178365	7.696	14	618	3	-1	20245,11409,8/20/2012,0006244	1
1	1696.1	15633.5	20416.2	23086.8	30925.0	37224.7	38904.7	45260.2	53746.7	55886.0	60218.0	99715.9	111269.6	143470.1	143470.1
QX11	8.0692	28.5209	11.6453	8.7699	40.5549	14.9159	23.8278	14.0864	10.7829	11.1484	15.2169	8.8310	29.9539	17.0796
QX12	0.1018	0.1740	0.0923	0.0553	0.1653	0.1066	0.1562	0.1048	0.0585	0.0604	0.0767	0.0921	0.2387	0.0635
0	2513	135700.9	0.119826	10.693	19	722	3	-1	20245,11409,8/20/2012,0006244	1
1	19618.8	32780.5	34051.0	38509.7	40905.7	42539.9	51663.4	60991.0	63219.0	67884.5	85467.0	87884.7	89239.5	100222.5	109088.3	120887.1	122921.2	126728.6	132407.9	135700.9
QX11	13.0817	25.7640	7.5598	9.8013	5.4116	20.0204	5.0322	25.7893	14.9898	11.9424	6.4080	5.1043	21.8562	28.6756	16.1632	5.7840	23.8640	16.0028	28.5374
QX12	0.0676	0.1993	0.1169	0.1151	0.0880	0.1322	0.0368	0.1886	0.1273	0.0740	0.0631	0.0802	0.2133	0.2306	0.0720	0.0618	0.2052	0.0995	0.1311
0	3027	155571.7	0.131721	4.034	9	1236	3	-1	20245,11409,8/20/2012,0006244	1
1	2812.4	15003.2	35534.2	51617.1	112795.0	119156.2	136260.6	146305.4	152760.3	155571.7
QX11	9.5274	28.3833	37.4844	27.5941	14.7685	30.7072	28.1478	55.1618	28.7968
QX12	0.0441	0.2107	0.2420	0.0867	0.0869	0.3772	0.2139	0.3396	0.1380
0	3313	184519.4	0.175144	26.446	23	198	4	-1	20245,11541,3/19/2013,0009155	2
1	26106.1	53930.4	57606.8	59881.4	61488.1	68775.1	73030.5	86771.7	93823.4	96851.7	113899.3	118826.3	122847.2	126268.4	133391.1	140794.7	142597.1	154185.8	156481.3	162290.6	163179.4	174805.9	180650.2	184519.4
QX11	24.0400	33.6590	5.1332	6.9135	17.3519	44.9705	20.2656	46.3606	22.3142	19.1983	19.6878	41.6999	6.7862	33.6112	35.6194	15.0894	19.0542	7.4503	8.7390	8.3969	7.2358	9.4323	51.2126
QX12	0.0539	0.0592	0.0331	0.0410	0.0603	0.1124	0.0510	0.1134	0.0688	0.0587	0.0454	0.0860	0.0381	0.0995	0.0819	0.0542	0.0808	0.0313	0.0319	0.0348	0.0324	0.0334	0.1000
0	3405	132638.9	0.150391	17.326	16	290	4	-1	20245,11541,3/19/2013,0009155	2
1	5592.0	17672.0	39800.6	46113.3	67439.8	75705.0	77031.7	81308.9	85919.8	90063.5	100660.9	110923.7	112861.5	114148.2	121237.0	124459.8	132638.9
QX11	45.1881	16.7799	5.2743	20.5415	39.6293	6.6141	14.1021	40.5347	12.5359	21.7771	15.8746	6.4100	21.2590	7.2287	8.4997	14.6024
QX12	0.0764	0.0445	0.0303	0.0467	0.0717	0.0354	0.0452	0.0754	0.0376	0.0419	0.0377	0.0356	0.0751	0.0378	0.0360	0.0425
0	3424	147811.6	0.152760	7.579	11	309	4	-1	20245,11541,3/19/2013,0009155	2
1	4093.8	10942.7	25663.3	51135.0	62617.9	77629.5	85781.3	96454.8	104653.4	107965.7	114634.9	147811.6
QX11	43.9993	21.2117	13.9305	36.8884	39.0439	33.5539	9.4191	28.5270	45.8173	7.9073	29.8706
QX12	0.0977	0.0472	0.0384	0.0755	0.0622	0.0636	0.0338	0.0585	0.0823	0.0349	0.0548
0	4092	277513.5	0.144842	15.967	21	977	4	-1	20245,11541,3/19/2013,0009155	2
1	7707.1	16857.5	30884.2	32509.1	66612.8	79417.3	90598.4	93539.7	136009.3	142581.5	158008.7	172890.4	180285.7	212312.3	240150.2	243496.2	246086.2	247661.1	255644.3	259941.5	273412.3	277513.5
QX11	10.3977	22.3693	41.5812	8.4711	24.3605	24.5570	30.6295	12.6280	23.0147	35.9688	25.2935	44.2766	4.9365	12.3652	18.5861	21.2417	7.9967	13.1490	44.3727	34.0859	10.5745
QX12	0.0332	0.0492	0.1145	0.0370	0.0441	0.0469	0.0651	0.0431	0.0449	0.0704	0.0572	0.0610	0.0266	0.0325	0.0409	0.0545	0.0406	0.0410	0.1046	0.0646	0.0308
0	4360	121016.0	0.115636	22.290	18	1245	4	-1	20245,11541,3/19/2013,0009155	2
1	2350.2	10783.0	12167.9	22650.4	23535.0	28311.1	37997.8	41378.6	52176.9	54131.7	62613.4	81351.7	86130.2	93352.2	102894.9	112112.3	115819.3	121016.0	121016.0
QX11	38.0283	30.8508	7.6525	9.6674	8.0592	28.3494	9.2624	16.2959	17.1618	10.5469	6.7590	30.4382	6.9191	20.2499	30.6276	26.4300	53.5512	17.7822
QX12	0.0701	0.0841	0.0353	0.0355	0.0368	0.0821	0.0294	0.0366	0.0390	0.0349	0.0268	0.0486	0.0356	0.0467	0.0633	0.0832	0.2033	0.0502
0	4502	150257.6	0.155124	27.437	19	1387	4	-1	20245,11541,3/19/2013,0009155	2
1	5498.1	23865.6	29043.9	42664.7	45447.3	57586.3	61364.5	65567.6	66767.8	74827.7	81912.2	86130.5	87332.4	89492.0	114137.1	128594.0	130174.4	143595.9	148223.6	150257.6
QX11	35.8064	45.8409	12.1512	18.1629	6.4749	30.2698	11.1458	17.6813	14.2426	9.2320	24.7591	16.3815	8.2635	26.3831	10.1294	36.7982	20.3613	13.4617	22.6586
QX12	0.0615	0.0693	0.0341	0.0431	0.0307	0.0593	0.0352	0.0481	0.0447	0.0311	0.0518	0.0540	0.0494	0.0762	0.0315	0.1409	0.0812	0.0391	0.0474
0	5020	108655.8	0.160566	17.681	15	249	5	-1	20245,11541,3/19/2013,0009155	2
1	3188.4	11350.7	21163.7	31742.3	39854.4	45068.7	50942.1	59693.3	63475.9	69490.2	71272.1	85399.7	86077.3	91701.2	100091.8	108655.8
QX11	32.7681	33.6500	25.0045	24.1216	39.1695	28.9963	46.2024	20.8515	41.3120	39.7293	8.8167	10.6222	13.4634	23.3039	6.8814
QX12	0.0567	0.0542	0.0526	0.0452	0.0643	0.0538	0.0871	0.0560	0.0903	0.1186	0.0458	0.0408	0.0428	0.0726	0.0316
0	5034	201159.9	0.115989	15.190	16	263	5	-1	20245,11541,3/19/2013,0009155	2
1	6866.0	13455.9	27751.2	38165.1	57169.3	69724.2	73365.3	88011.6	92899.7	113875.5	119999.6	127769.2	144154.6	164138.0	167224.9	174882.3	201159.9
QX11	23.4702	14.4159	58.3135	23.7534	11.1812	7.1710	27.3848	16.9614	19.1082	16.1132	41.8681	14.5508	14.9381	13.0235	12.4881	9.7641
QX12	0.0536	0.0365	0.1339	0.0525	0.0327	0.0309	0.0510	0.0408	0.0441	0.0389	0.0652	0.0346	0.0342	0.0338	0.0333	0.0323
0	5238	181093.0	0.147893	19.856	15	467	5	-1	20245,11541,3/19/2013,0009155	2
1	24438.0	38939.6	46015.1	52486.7	61304.8	68354.0	68858.4	87087.9	98209.2	105119.9	133782.6	140345.2	143782.5	152105.9	163043.9	181093.0
QX11	31.1002	16.7387	57.4335	54.1421	25.5146	30.8039	16.3901	11.9650	5.3104	12.3628	27.2233	5.9739	43.9652	17.1550	5.3129
QX12	0.0582	0.0390	0.0857	0.0966	0.0440	0.0704	0.0478	0.0326	0.0280	0.0362	0.0497	0.0330	0.0888	0.0395	0.0267
0	5381	154174.6	0.182831	18.153	20	610	5	-1	20245,11541,3/19/2013,0009155	2
1	17246.4	22807.7	26676.6	30542.8	46913.9	66067.4	69088.1	76523.3	88897.9	91204.5	94252.4	101543.8	106252.3	113020.1	126943.2	130004.5	132978.1	138456.1	151224.3	153788.3	154174.6
QX11	14.7289	22.7028	44.9610	16.2012	28.3866	8.9271	35.5763	28.7791	5.2384	28.9871	12.2655	27.6482	33.7769	11.6687	35.1155	9.1317	54.1999	13.8463	32.8563	24.4903
QX12	0.0491	0.0854	0.1153	0.0451	0.0531	0.0353	0.0709	0.0544	0.0362	0.0939	0.0856	0.0555	0.1041	0.0430	0.1162	0.0613	0.1928	0.0414	0.0619	0.0501
0	5403	107188.1	0.168735	19.117	17	632	5	-1	20245,11541,3/19/2013,0009155	2
1	3463.1	8130.0	21561.5	26495.3	29836.8	32812.6	37579.1	40766.2	48529.2	50625.1	55174.3	80021.5	85347.3	88244.4	88701.2	91410.8	100616.6	107188.1
QX11	53.3925	13.7063	40.8697	38.0500	26.4316	13.2574	30.6687	11.0312	11.2255	21.6661	10.5051	28.9696	17.6751	11.6536	6.1609	25.7989	21.7868
QX12	0.1377	0.0363	0.0762	0.0826	0.0618	0.0399	0.0646	0.0369	0.0381	0.0524	0.0335	0.0500	0.0436	0.0460	0.0414	0.0635	0.0427
0	5478	160047.7	0.167411	30.150	22	707	5	-1	20245,11541,3/19/2013,0009155	2
1	14534.2	25703.3	28697.8	30038.0	38870.0	42482.2	46662.8	68255.2	79198.6	83076.1	96243.2	107199.5	109173.3	114380.5	116756.2	128215.1	129893.8	137389.8	144101.2	148161.2	151985.9	157049.7	160047.7
QX11	16.6656	30.3322	4.8186	20.6456	7.1885	7.1267	42.7309	46.9131	4.4510	25.5361	17.6742	14.8409	15.3221	8.4824	14.3638	27.4837	12.7427	43.0751	31.9828	10.7425	43.6964	9.3478
QX12	0.0403	0.0832	0.0418	0.0616	0.0315	0.0333	0.0787	0.1345	0.0307	0.0624	0.0378	0.0443	0.0501	0.0332	0.0382	0.0758	0.0467	0.0719	0.0595	0.0357	0.0884	0.0334
0	5575	131660.0	0.149350	9.768	15	804	5	-1	20245,11541,3/19/2013,0009155	2
1	4207.7	6985.8	9556.2	22768.6	27886.8	30781.5	33893.8	54725.0	59428.1	66536.3	69429.8	83976.0	91438.4	94480.4	114600.7	131660.0
QX11	32.9436	6.0098	21.7425	15.2230	41.9298	7.5230	28.9385	43.7151	14.1519	20.7874	44.4143	27.5766	8.7841	12.4850	13.5863
QX12	0.0706	0.0385	0.0499	0.0428	0.1255	0.0506	0.0763	0.0922	0.0378	0.0680	0.1197	0.0454	0.0363	0.0381	0.0380
0	5577	117955.6	0.158139	18.642	10	806	5	-1	20245,11541,3/19/2013,0009155	2
1	3057.0	13223.3	39205.6	41695.9	48075.7	49708.9	63726.7	64075.5	72573.7	76584.5	117955.6
QX11	29.2682	6.0452	36.7981	6.4838	16.0516	8.4943	9.1307	20.4560	31.8652	23.4524
QX12	0.0529	0.0327	0.0731	0.0339	0.0438	0.0342	0.0358	0.0502	0.0555	0.0457
0	5887	200182.4	0.204420	9.527	18	1116	5	-1	20245,11541,3/19/2013,0009155	2
1	14409.9	28888.8	32418.8	39046.3	65489.0	68069.2	76173.1	89256.2	90229.0	103028.3	132182.2	153467.4	157889.6	163931.2	166227.5	175443.2	179071.2	181852.9	200182.4
QX11	43.0588	41.6627	4.2395	18.7941	18.6454	9.0065	10.7954	9.0197	10.3206	6.3736	16.7771	7.8540	16.8894	11.8304	14.3014	13.2759	27.7240	14.0713
QX12	0.0876	0.0742	0.0289	0.0393	0.0687	0.0460	0.0340	0.0401	0.0438	0.0282	0.0351	0.0310	0.0404	0.0684	0.0713	0.0746	0.1328	0.0578
0	5930	133617.6	0.165955	29.816	13	1159	5	-1	20245,11541,3/19/2013,0009155	2
1	10935.9	18747.5	36767.7	43478.2	46164.8	59276.8	62316.4	67001.5	84633.9	96981.7	105143.2	106701.6	123917.6	133617.6
QX11	22.0994	20.1659	66.8787	22.0361	29.1005	24.0485	28.5113	51.0955	41.3640	5.5248	8.9020	8.3933	12.6682
QX12	0.0434	0.0448	0.2197	0.0617	0.0814	0.0513	0.0664	0.0853	0.0790	0.0299	0.0517	0.0451	0.0378
0	6112	238848.6	0.134414	15.210	31	1341	5	-1	20245,11541,3/19/2013,0009155	2
1	2054.5	5390.4	12239.9	26030.2	32903.1	34683.1	44851.9	46160.7	50437.5	60225.9	63579.7	74236.5	76396.6	103330.8	114418.4	123700.7	133088.8	141819.2	145503.1	152526.4	160152.6	173229.5	178672.4	181772.0	185814.2	197307.4	204181.9	209429.4	223079.3	225989.2	238171.3	238848.6
QX11	9.8532	62.3097	54.9505	52.1341	32.4289	8.1464	7.6893	10.8595	27.7689	10.1654	29.0541	12.1568	11.0087	22.3027	7.6385	12.9676	20.8697	16.0170	70.3675	55.4908	63.2913	12.3586	11.6682	29.3722	34.7969	21.3711	55.7278	14.9074	38.9264	17.8713	43.5158
QX12	0.0442	0.1988	0.1219	0.0760	0.0640	0.0343	0.0343	0.0407	0.0724	0.0343	0.0521	0.0357	0.0349	0.0447	0.0289	0.0337	0.0408	0.0564	0.1714	0.1616	0.1455	0.0389	0.0405	0.0709	0.0733	0.0463	0.1202	0.0411	0.0738	0.0455	0.0785
0	6137	108656.5	0.177597	3.284	10	1366	5	-1	20245,11541,3/19/2013,0009155	2
1	5890.2	13340.0	45508.7	74018.9	76125.1	79097.6	80493.6	88897.4	93167.7	106577.4	108656.5
QX11	24.8327	18.9905	10.1560	28.3261	6.0732	15.9418	10.7191	37.2933	26.2228	12.2697
QX12	0.1004	0.0491	0.0414	0.1034	0.0472	0.0680	0.0440	0.0818	0.0587	0.0337
0	6164	201649.9	0.164686	7.520	25	1393	5	-1	20245,11541,3/19/2013,0009155	2
1	3108.6	9071.6	9937.3	11853.2	22778.1	34666.9	38587.0	43669.0	48697.0	57308.4	62756.4	76813.7	82791.1	90100.0	101419.8	107333.3	110833.6	113733.8	118266.2	130524.2	134353.9	136837.8	178877.1	180484.5	182079.3	201649.9
QX11	6.0353	4.0560	4.2707	5.1402	20.5480	54.5490	11.2771	46.7653	18.2680	6.9682	50.8108	46.0835	15.5306	41.4640	58.7741	23.7810	24.4925	39.9705	4.6938	14.2932	9.6510	10.2792	12.6362	16.2040	17.4083
QX12	0.0288	0.0275	0.0289	0.0293	0.0536	0.1708	0.0437	0.1009	0.0510	0.0369	0.1727	0.1280	0.0433	0.0892	0.1228	0.0648	0.0901	0.1259	0.0326	0.0393	0.0395	0.0377	0.0494	0.0841	0.0589
0	6185	334779.2	0.151184	28.703	30	1414	5	-1	20245,11541,3/19/2013,0009155	2
1	26789.9	52168.0	63629.0	77472.8	85628.5	96320.7	104477.5	107870.7	114440.9	142656.7	149515.4	160471.6	171000.6	178048.5	179176.8	186147.9	194943.9	201464.7	208286.4	222975.8	251118.6	269979.3	282833.7	290275.3	297499.4	303113.9	307125.6	309202.1	320152.4	322614.7	334779.2
QX11	31.9146	37.9454	24.8125	52.9249	14.8304	14.6257	46.1621	16.6006	41.1086	22.9597	10.6127	20.8895	16.7383	16.5145	36.1551	21.3701	21.6332	38.8244	7.4185	30.8440	12.0186	37.4357	6.8518	30.6437	25.8544	7.3353	22.6559	24.8119	4.3603	39.4376
QX12	0.0543	0.0994	0.0506	0.0997	0.0374	0.0381	0.1121	0.0459	0.0784	0.0478	0.0318	0.0449	0.0389	0.0498	0.0818	0.0435	0.0439	0.0741	0.0284	0.0545	0.0320	0.0791	0.0287	0.0564	0.0572	0.0317	0.0481	0.0542	0.0302	0.0722
0	6438	164942.0	0.168037	19.063	17	1667	5	-1	20245,11541,3/19/2013,0009155	2
1	9017.7	23199.5	35560.1	64764.4	85907.1	90211.1	97921.1	109511.8	113214.4	116060.3	132092.1	134808.0	137791.3	141004.2	158495.9	160228.4	164605.7	164942.0
QX11	11.5444	20.2490	12.6325	11.0026	8.2232	46.2614	37.9270	10.5207	33.8993	12.4391	19.3485	12.2968	6.1059	18.1021	25.7891	23.7879	15.0114
QX12	0.0337	0.0447	0.0357	0.0329	0.0359	0.0944	0.0739	0.0396	0.1112	0.0601	0.0567	0.0473	0.0355	0.0504	0.0920	0.0877	0.0599
0	6569	319841.7	0.154168	3.167	28	1798	5	-1	20245,11541,3/19/2013,0009155	2
1	7075.0	35035.4	66980.4	74363.7	88971.5	94992.2	101115.4	112841.6	119325.0	127242.9	161390.3	164332.6	175669.3	221223.6	224540.1	239364.5	249576.6	255723.7	258880.0	261440.0	265317.2	275715.8	279471.7	284184.9	285885.4	294519.2	302809.2	319841.7	319841.7
QX11	36.4643	13.5253	14.4035	43.0652	49.2665	39.0868	10.4556	42.0713	18.3662	17.9809	10.4577	36.4783	6.8751	9.1332	4.8377	25.2840	13.6003	10.4976	8.0457	16.3314	5.4452	7.5040	13.5002	18.7749	18.6020	22.7575	15.3180	17.8430
QX12	0.0738	0.0390	0.0365	0.0709	0.0949	0.0758	0.0374	0.0866	0.0438	0.0401	0.0349	0.0618	0.0309	0.0345	0.0306	0.0574	0.1733	0.0483	0.0508	0.0794	0.0437	0.0506	0.0499	0.0663	0.0676	0.0578	0.0662	0.0555
0	7375	151726.9	0.173489	10.780	21	151	6	-1	20245,11541,3/19/2013,0009155	2
1	8193.0	17426.9	26576.4	30138.1	37273.8	45019.1	57951.2	61276.3	66616.4	70600.4	89003.8	94225.5	107932.1	110793.8	123362.6	126513.3	130396.0	131011.1	139667.5	146558.3	150252.0	151726.9
QX11	39.2252	33.8283	21.8711	25.8736	42.9273	19.3457	16.7919	16.5312	35.1154	22.1652	50.0263	11.9410	34.8449	9.1587	25.9789	11.5679	16.5114	18.1224	7.4614	13.8324	13.4725
QX12	0.0960	0.0810	0.0525	0.0618	0.0900	0.0457	0.0467	0.0497	0.0935	0.0652	0.1290	0.0402	0.0635	0.0372	0.0755	0.0496	0.0587	0.0562	0.0337	0.0558	0.0520
0	7429	229059.3	0.112973	12.844	20	205	6	-1	20245,11541,3/19/2013,0009155	2
1	9081.4	15548.0	24059.1	30875.0	32181.5	49424.3	59649.6	66460.9	95993.1	105869.9	111952.3	122443.2	130564.1	145469.2	156802.0	182533.6	197218.0	204109.4	219088.3	222570.2	229059.3
QX11	62.9056	20.9298	16.4470	26.0912	15.6867	17.7519	4.9879	5.9397	28.8019	6.6149	52.5141	14.4326	52.5608	28.6002	45.1792	70.0544	46.5025	8.9320	6.9644	51.9783
QX12	0.1059	0.0438	0.0380	0.0542	0.0409	0.0395	0.0274	0.0279	0.0496	0.0294	0.0790	0.0371	0.0921	0.0485	0.0792	0.1692	0.0814	0.0303	0.0342	0.0974
0	8100	100824.9	0.194294	5.841	14	876	6	-1	20245,11541,3/19/2013,0009155	2
1	11368.9	28473.1	44279.6	47965.7	51485.9	54836.9	56567.1	61678.2	76941.4	85622.6	89264.6	90083.4	92292.7	95873.4	100824.9
QX11	27.7515	22.4834	41.4598	34.1244	8.3646	9.9689	5.6260	14.0042	13.5808	13.7607	16.3961	14.0133	17.8971	20.7502
QX12	0.0727	0.0718	0.1134	0.1223	0.0419	0.0447	0.0370	0.0437	0.0412	0.0430	0.0510	0.0557	0.0595	0.0591
0	8106	170497.3	0.185905	7.817	22	882	6	-1	20245,11541,3/19/2013,0009155	2
1	1043.5	4252.1	6061.5	9578.2	11511.5	20021.3	24441.6	28206.7	45904.1	47079.0	67456.4	84890.1	89590.8	92664.9	105626.2	108522.0	115390.4	133534.7	140954.2	155220.3	161406.8	170497.3	170497.3
QX11	14.5520	27.8558	7.3909	10.9860	12.6102	11.6196	30.2428	19.0415	13.1988	19.8176	27.2213	45.7427	13.1841	14.7895	21.8771	15.7303	39.0219	20.4620	46.4518	49.9618	22.2187	25.7926
QX12	0.0538	0.0989	0.0540	0.1334	0.1731	0.0542	0.0845	0.0555	0.0524	0.0853	0.0591	0.0873	0.0422	0.0430	0.0537	0.0442	0.0941	0.0424	0.0948	0.1873	0.0673	0.0552
0	8237	200114.2	0.203084	3.184	25	1013	6	-1	20245,11541,3/19/2013,0009155	2
1	28152.6	42358.0	59655.7	65521.2	71220.1	74811.5	77584.8	83166.5	86518.3	90220.4	98682.9	100179.5	103272.6	113609.0	126981.6	136237.6	142163.7	144830.0	148557.8	169039.7	178844.2	184373.8	189748.6	194434.2	200114.2	200114.2
QX11	7.4010	20.8245	11.5865	18.1151	6.3414	7.9066	8.4605	19.8493	14.5199	21.2007	21.3075	5.0353	28.3240	13.6407	29.8531	9.1697	24.5913	5.8808	4.5364	11.8517	8.6024	16.2527	10.5250	11.7257	22.1765
QX12	0.0368	0.0667	0.0555	0.0713	0.0352	0.0367	0.0336	0.0934	0.0746	0.0723	0.0578	0.0390	0.0731	0.0425	0.0591	0.0371	0.0635	0.0404	0.0335	0.0540	0.0424	0.0622	0.0404	0.0463	0.0607
0	8357	134111.4	0.155534	16.284	10	1133	6	-1	20245,11541,3/19/2013,0009155	2
1	4906.1	36439.4	43961.3	58292.6	63235.4	64161.1	82487.8	89001.0	131154.2	134111.4	134111.4
QX11	4.8185	5.6202	38.6926	37.7117	24.2704	7.5276	42.4368	28.2293	27.7504	32.7709
QX12	0.0392	0.0337	0.0872	0.0676	0.0604	0.0371	0.0866	0.0587	0.0767	0.0868
0	8648	314221.8	0.198665	2.146	31	1424	6	-1	20245,11541,3/19/2013,0009155	2
1	25359.6	71687.7	75113.2	92619.6	96189.4	101947.2	113207.6	120359.2	126389.5	128136.6	142707.8	147771.3	156390.5	161482.4	166295.5	170370.8	192690.9	194585.5	196046.7	201656.5	209732.2	214626.5	227237.8	232189.1	234390.2	248531.2	261223.6	265154.8	271027.7	286906.4	299733.4	314221.8
QX11	14.5523	8.4700	6.6066	35.6291	17.7470	29.3259	20.7033	8.1295	20.1191	31.8297	19.5220	6.6865	5.0040	11.0530	9.4445	14.8987	14.0699	4.6946	13.0158	14.3801	20.2445	26.1408	42.4069	27.5674	14.4869	11.1758	7.3085	10.1549	5.8505	14.0619	10.6634
QX12	0.0645	0.0379	0.0343	0.0715	0.0567	0.0588	0.0989	0.0342	0.0727	0.0870	0.0636	0.0353	0.0384	0.0649	0.0478	0.0709	0.0417	0.0333	0.0404	0.0490	0.0655	0.1159	0.0996	0.0745	0.0489	0.0369	0.0388	0.0511	0.0351	0.0606	0.0355
0	8655	250104.9	0.186951	19.272	29	1431	6	-1	20245,11541,3/19/2013,0009155	2
1	15643.1	17575.3	21400.4	26014.8	34682.9	39991.7	44604.3	47188.9	51938.1	70933.5	75092.1	88098.9	97548.5	112110.1	116178.7	122058.2	128807.2	131045.7	147644.1	149696.6	156550.1	160312.4	163867.1	178932.8	185862.9	200510.4	205535.3	225853.1	236640.9	250104.9
QX11	11.7735	7.7643	15.9242	10.8440	37.2522	15.9533	35.1421	19.5509	14.8318	8.7564	18.7072	19.3723	34.4194	31.5781	10.1139	33.4943	7.7985	20.4264	10.6364	6.0570	13.7213	22.0275	14.1179	37.9246	18.4495	61.4644	30.9536	39.8698	15.3929
QX12	0.0446	0.0467	0.0711	0.0605	0.0850	0.0484	0.1047	0.0869	0.0611	0.0418	0.0991	0.0670	0.0598	0.0836	0.0398	0.1192	0.0438	0.0668	0.0510	0.0403	0.0497	0.1052	0.0731	0.0856	0.0778	0.1655	0.0672	0.0889	0.0391
0	8663	280939.5	0.258097	37.139	41	1439	6	-1	20245,11541,3/19/2013,0009155	2
1	7358.9	12097.3	19155.0	23985.3	29391.6	35958.8	37332.9	43906.3	53747.2	65045.4	66437.3	89160.6	106972.1	118108.5	139221.1	141229.5	150248.7	154320.9	156803.1	163726.8	167290.2	169713.6	171320.8	176941.0	179844.5	184389.9	194898.7	195117.8	198815.2	211306.6	221746.3	222861.0	229695.5	235150.8	241916.1	245991.2	249923.0	254788.4	258971.5	263664.4	268740.9	280939.5
QX11	22.2440	29.0657	32.9578	56.3919	26.8090	26.2303	7.7568	20.8573	37.8200	9.3791	39.2255	13.5491	55.2823	49.8156	21.3106	8.9606	14.3933	37.7728	7.1513	29.4079	15.9391	11.0019	13.7668	24.5629	26.6240	14.9954	12.3228	23.5851	12.4407	9.3496	8.4117	22.5960	24.0100	9.2555	6.5392	22.8320	6.5483	27.2059	24.0336	7.9397	40.2305
QX12	0.0620	0.0599	0.0716	0.1433	0.0617	0.0728	0.0362	0.0446	0.0672	0.0416	0.0993	0.0367	0.0975	0.0895	0.0513	0.0357	0.0386	0.0795	0.0358	0.0752	0.0569	0.0486	0.0459	0.0826	0.0647	0.0404	0.0392	0.0547	0.0359	0.0325	0.0374	0.0711	0.0502	0.0322	0.0309	0.0495	0.0301	0.0611	0.0552	0.0324	0.0662
0	8792	193329.6	0.135417	12.781	21	1568	6	-1	20245,11541,3/19/2013,0009155	2
1	9334.1	11004.2	15740.3	19445.8	28371.4	34158.2	37033.2	39068.0	47382.1	57963.9	67691.6	76954.8	83517.5	98211.3	105945.3	124049.4	130799.5	133396.7	146354.4	149363.5	154015.0	193329.6
QX11	4.8277	7.7197	42.4544	17.6782	34.2061	26.7886	15.3612	5.7809	25.0425	23.6390	7.0928	28.5210	9.6745	24.3156	14.6277	56.2223	29.6103	14.4133	15.7944	24.7649	29.2820
QX12	0.0355	0.0396	0.1553	0.0832	0.1731	0.0817	0.0601	0.0361	0.0627	0.0602	0.0400	0.0650	0.1107	0.0503	0.0401	0.2342	0.0823	0.0667	0.0454	0.0546	0.0602
0	8941	216333.1	0.204881	10.436	29	1717	6	-1	20245,11541,3/19/2013,0009155	2
1	15437.3	25027.9	36673.2	38536.1	40797.7	59573.1	64561.6	66918.8	71533.0	78919.4	80510.1	83057.8	86471.3	88473.7	91827.4	107722.0	135338.7	149899.1	154531.8	167280.9	173269.9	178980.4	183034.0	185924.4	191342.4	194878.3	198771.1	207239.2	211854.5	216333.1
QX11	8.5055	41.5114	60.3424	12.7435	10.0260	18.7813	6.9242	34.8538	19.3979	7.2517	11.9235	15.4305	4.8507	21.2913	34.0480	34.0552	17.7748	31.4915	38.6064	19.4987	36.9703	16.2961	6.8441	19.9668	41.5788	18.1750	48.3397	19.9759	27.4945
QX12	0.0345	0.0773	0.1372	0.0598	0.0448	0.0455	0.0377	0.0928	0.0526	0.0360	0.0465	0.0477	0.0348	0.0644	0.0999	0.0740	0.0452	0.0816	0.0798	0.0590	0.0839	0.0431	0.0347	0.0512	0.1195	0.0706	0.1137	0.0525	0.0876
0	9040	309816.3	0.438273	6.228	30	1816	6	-1	20245,11541,3/19/2013,0009155	2
1	24808.5	71393.3	94867.5	98201.7	104328.9	115605.9	128975.9	142916.2	148744.8	157062.5	162077.5	171053.2	189689.4	193283.6	209956.1	214709.2	227568.9	232794.9	234419.3	256340.8	261850.8	265301.4	268541.9	269491.3	271644.4	275328.3	282090.2	288013.3	292423.6	303379.0	309816.3
QX11	40.0734	11.8310	15.9592	9.3136	25.2017	31.8014	36.4750	24.2246	6.0082	24.1172	34.3539	24.9319	18.5392	17.2667	11.6160	17.0575	32.2475	10.3209	8.6748	11.8879	8.5845	7.8662	6.6423	5.0944	7.2882	12.4956	4.1844	24.5596	16.9418	19.7959
QX12	0.0862	0.0507	0.0789	0.0443	0.0825	0.0779	0.1139	0.1027	0.0437	0.0549	0.0719	0.0809	0.0502	0.0456	0.0877	0.0991	0.0916	0.0763	0.0581	0.0553	0.0662	0.0801	0.0769	0.0617	0.0545	0.0526	0.0385	0.0727	0.0594	0.0701
0	9061	120892.0	0.186858	7.843	7	1837	6	-1	20245,11541,3/19/2013,0009155	2
1	1410.0	8630.2	19950.2	25865.3	29179.7	97203.2	98707.8	120892.0
QX11	13.7772	22.4712	34.6078	14.6238	6.4071	8.9795	11.1814
QX12	0.0438	0.0530	0.0694	0.0402	0.0305	0.0546	0.0845
0	9785	164613.9	0.201613	2.976	18	2561	6	-1	20245,11541,3/19/2013,0009155	2
1	22355.2	31989.0	37597.6	42856.9	47314.3	52627.2	69225.2	75625.0	84182.1	85266.3	99220.4	106814.9	116184.5	139374.6	140918.0	145219.3	154344.5	164613.9	164613.9
QX11	16.8022	35.1341	27.9137	10.4074	7.8011	22.4111	7.1705	13.3704	11.9985	4.2659	25.2752	6.3946	34.6528	11.7434	5.3706	6.4974	18.8829	14.6009
QX12	0.0546	0.0783	0.0592	0.0357	0.0414	0.0545	0.0315	0.0514	0.0456	0.0324	0.0843	0.0349	0.0649	0.0500	0.0359	0.0365	0.0691	0.0610
0	9799	117955.6	0.153467	2.567	13	2575	6	-1	20245,11541,3/19/2013,0009155	2
1	3771.7	7978.2	17789.4	21833.3	24577.4	27562.2	33630.8	51385.6	57893.5	59584.0	93687.7	106585.2	117698.6	117955.6
QX11	9.1498	13.3639	5.7112	12.2908	5.9867	12.6507	30.5339	8.1485	16.8642	7.6039	6.2901	20.0355	5.6218
QX12	0.0333	0.0398	0.0315	0.0365	0.0319	0.0369	0.0748	0.0358	0.0478	0.0353	0.0288	0.0437	0.0278
0	9816	460563.6	0.171000	15.132	63	2592	6	-1	20245,11541,3/19/2013,0009155	2
1	22136.2	25734.0	27537.3	51020.4	60356.7	68034.9	82662.5	83306.6	92055.4	98701.6	115936.3	116406.4	120693.0	125732.3	131044.5	136470.4	146345.2	161353.0	167176.8	171142.1	173705.7	179636.5	189013.7	191992.6	202440.8	205807.5	216449.2	221140.9	229613.0	233108.0	237098.2	242523.2	245235.8	255462.6	258761.4	260567.0	278143.2	292726.3	296670.6	305575.4	325490.7	338690.4	340817.7	342678.1	345546.4	348853.1	350117.3	359437.3	361182.7	364540.7	369311.6	371805.8	376579.4	395319.8	397644.6	399455.6	411208.3	421534.1	433486.6	435068.2	439154.3	444938.4	452420.6	460563.6
QX11	14.0497	5.4115	36.0265	45.2254	11.6473	35.1625	7.5149	11.0498	28.4460	18.4991	18.4074	25.0061	10.0735	15.7806	30.0492	9.1334	47.8551	23.1429	9.4770	7.8699	38.9442	31.4629	46.2873	8.1409	7.7469	10.9323	23.5809	11.9885	19.8205	16.6375	17.0130	12.0816	4.4344	10.5013	17.9413	18.9626	49.3593	17.9953	39.1279	51.3844	21.7732	18.6258	12.8016	5.0320	23.1361	7.8609	27.6329	7.0521	9.3660	22.6413	34.2735	38.2037	17.2416	12.3432	6.2518	26.3631	26.8925	24.1640	4.8356	25.9343	18.9191	4.5327	44.9831
QX12	0.0388	0.0325	0.0732	0.0905	0.0341	0.0886	0.0322	0.0354	0.0544	0.0415	0.0802	0.0927	0.0354	0.0413	0.0552	0.0325	0.0842	0.0464	0.0324	0.0348	0.0764	0.0537	0.0792	0.0310	0.0314	0.0340	0.0476	0.0358	0.0491	0.0456	0.0403	0.0353	0.0281	0.0315	0.0384	0.0680	0.1125	0.0504	0.0929	0.1487	0.0485	0.0612	0.0630	0.0410	0.0766	0.0441	0.0699	0.0342	0.0419	0.0624	0.1025	0.1011	0.0459	0.0381	0.0386	0.0661	0.0523	0.0587	0.0300	0.0516	0.0435	0.0282	0.1219
0	10241	393510.9	0.123352	18.728	47	214	7	-1	20245,11541,3/19/2013,0009155	2
1	5158.0	9148.1	23754.6	33319.7	45046.9	47250.2	48839.4	72181.7	74672.4	79366.3	84603.1	93859.6	95466.7	98369.3	101563.5	103009.5	104840.7	118132.3	154077.1	168491.2	185811.3	188199.2	191951.2	197494.7	201620.8	204266.4	209642.3	213195.2	216896.7	225350.2	226993.5	240526.7	256659.6	271630.1	274385.6	278026.5	298563.1	308122.9	313687.5	319027.2	323945.8	329413.5	345754.2	352469.2	360739.9	375869.9	383660.1	393510.9
QX11	14.1097	16.1847	17.7785	21.5101	38.3883	13.2552	7.0602	15.0182	36.2196	9.6144	9.0107	13.9934	9.2216	8.7571	7.4306	17.8432	12.6177	19.6227	12.6449	21.6776	21.5608	7.8452	36.3093	11.6648	4.7087	20.7865	42.7428	9.0039	23.3407	26.0762	11.0933	14.8392	16.4294	17.6906	8.8242	8.3823	22.9690	9.7668	32.5822	12.8956	10.4329	37.5643	8.2145	16.1191	21.4591	53.9289	11.5892
QX12	0.0385	0.0387	0.0413	0.0416	0.0685	0.0442	0.0323	0.0418	0.0632	0.0316	0.0310	0.0384	0.0354	0.0331	0.0335	0.0491	0.0376	0.0394	0.0346	0.0444	0.0499	0.0343	0.0649	0.0338	0.0291	0.0478	0.0872	0.0385	0.0579	0.0575	0.0381	0.0364	0.0363	0.0404	0.0330	0.0304	0.0405	0.0305	0.0475	0.0341	0.0310	0.0476	0.0293	0.0348	0.0416	0.0969	0.0331
0	10403	212417.5	0.139661	25.228	21	376	7	-1	20245,11541,3/19/2013,0009155	2
1	3277.2	4841.4	18102.5	24975.8	39607.9	65224.0	76229.7	90989.4	99045.7	109499.5	112141.9	117520.4	120692.5	127199.7	155148.6	161961.2	172859.7	189722.8	191385.0	198203.2	206967.5	212417.5
QX11	34.2202	19.9368	57.0434	53.3052	31.7833	44.2619	46.0980	47.7463	15.7774	26.9654	35.0488	39.7793	7.7408	28.2511	30.8875	27.4473	30.3395	5.1113	26.6712	7.1144	21.7782
QX12	0.1322	0.0774	0.1584	0.1353	0.0560	0.0870	0.0975	0.1123	0.0403	0.1013	0.1553	0.0728	0.0337	0.0532	0.0569	0.0479	0.0561	0.0364	0.0649	0.0302	0.0449
0	10831	132149.3	0.185723	3.048	16	804	7	-1	20245,11541,3/19/2013,0009155	2
1	21731.6	25764.5	31799.9	37973.4	47905.0	53412.1	56394.9	60674.0	63924.1	80982.6	92165.2	101644.4	108104.8	114580.9	114965.8	118549.4	132149.3
QX11	8.6879	17.6243	7.9093	8.2600	20.9463	10.8403	13.3631	27.4299	6.4399	22.1215	20.1215	9.6917	24.4981	8.4972	14.2706	6.5126
QX12	0.0410	0.0508	0.0370	0.0349	0.0661	0.0402	0.0473	0.0771	0.0391	0.0565	0.0428	0.0340	0.0527	0.0535	0.0630	0.0344
0	11047	198224.2	0.129518	21.250	21	1020	7	-1	20245,11541,3/19/2013,0009155	2
1	6670.1	7684.3	14149.6	17115.6	27000.5	31026.4	33729.0	36753.3	42920.4	52950.9	67312.7	68670.6	103051.1	108860.3	120235.3	123186.4	165442.6	171882.5	190188.6	190242.7	195945.1	198224.2
QX11	20.0052	6.3675	5.2625	6.7880	4.9156	11.2773	7.3563	8.6340	35.4638	9.4589	25.1314	9.9245	16.2137	19.1675	23.7726	21.6724	35.6688	40.9217	11.9390	16.4884	31.3538
QX12	0.0551	0.0340	0.0297	0.0297	0.0279	0.0348	0.0311	0.0308	0.0626	0.0303	0.0557	0.0343	0.0367	0.0412	0.0583	0.0720	0.0702	0.0941	0.0401	0.0454	0.0609
0	11168	102293.4	0.199375	4.271	13	1141	7	-1	20245,11541,3/19/2013,0009155	2
1	1558.7	21710.8	23412.1	32888.7	36892.7	46215.8	49714.4	54170.6	58623.4	62721.0	68261.0	78050.7	97017.8	102293.4
QX11	7.1343	16.8052	5.2532	14.0411	29.4538	22.9428	13.9460	7.8397	7.9133	9.3608	7.9997	7.5428	7.5928
QX12	0.0325	0.0443	0.0306	0.0395	0.0534	0.0536	0.0385	0.0305	0.0309	0.0355	0.0354	0.0353	0.0539
0	11670	215843.9	0.157781	19.624	26	1643	7	-1	20245,11541,3/19/2013,0009155	2
1	5061.8	10325.5	44294.5	55645.1	64167.2	77998.9	84194.2	86288.1	88624.1	95581.2	98817.8	104139.6	111968.2	127455.3	130080.1	144117.7	152486.8	162639.0	163624.4	177477.0	179300.5	185368.7	189333.8	197791.6	203603.7	208686.2	215843.9
QX11	11.7979	27.8320	55.8073	10.1754	50.8425	17.6388	8.4574	14.5522	5.5871	8.5411	21.5144	47.0412	12.9557	8.3193	41.4694	7.2622	22.2385	19.3233	8.2802	4.4476	22.5877	24.2068	17.5252	43.5721	14.5131	17.5906
QX12	0.0369	0.0854	0.1124	0.0379	0.1230	0.0447	0.0359	0.0486	0.0320	0.0391	0.0554	0.0971	0.0368	0.0351	0.0903	0.0305	0.0465	0.0475	0.0352	0.0293	0.0507	0.0471	0.0409	0.0649	0.0372	0.0382
0	12307	187945.5	0.204664	8.330	25	2280	7	-1	20245,11541,3/19/2013,0009155	2
1	3382.0	9404.0	14984.6	19048.0	21889.6	27232.1	30677.4	34636.8	42994.3	47724.5	52875.1	69579.1	78900.6	84708.7	87165.7	91135.4	111760.8	121356.6	126970.9	132209.8	137263.9	142760.5	159179.1	165725.4	174132.1	187945.5
QX11	20.1662	36.3921	7.3691	5.1068	4.8628	43.3441	11.1717	28.3288	6.7530	7.9281	23.4996	24.1103	14.6582	19.1971	8.8962	7.5748	23.7021	6.3566	23.1398	14.8292	9.3250	14.7689	10.7407	11.4206	8.3847
QX12	0.0451	0.0646	0.0309	0.0297	0.0308	0.1075	0.0449	0.0609	0.0384	0.0568	0.0564	0.0586	0.0450	0.0760	0.0376	0.0337	0.0532	0.0392	0.0858	0.0447	0.0432	0.0618	0.0459	0.0489	0.0516
0	12311	174241.1	0.176561	16.388	19	2284	7	-1	20245,11541,3/19/2013,0009155	2
1	1597.5	9680.6	11964.1	30861.6	38031.8	55599.1	74431.0	77271.8	82261.7	84154.1	99695.4	102933.7	108877.5	111748.9	118811.1	124276.2	130685.8	151091.4	173760.2	174241.1
QX11	16.2300	22.0786	13.7268	6.5836	45.8382	14.2720	4.6707	22.7753	10.1228	15.5727	18.9379	16.3278	17.8323	17.8008	21.0909	9.7910	21.1726	17.2887	21.1709
QX12	0.0392	0.0568	0.0455	0.0318	0.1033	0.0393	0.0358	0.0897	0.0512	0.0804	0.0533	0.0555	0.0629	0.0824	0.0756	0.0617	0.0530	0.0513	0.0579
0	12594	295133.3	0.136706	22.585	33	2567	7	-1	20245,11541,3/19/2013,0009155	2
1	11292.9	14289.4	25449.1	38374.3	69828.4	70972.7	92550.0	98075.5	99096.3	101979.9	105977.7	115899.0	119780.6	119942.7	125230.3	126492.5	134885.6	142904.7	160249.5	161538.7	169693.0	181976.3	199432.8	204058.6	207014.8	220094.7	222867.6	229776.0	247646.2	255362.7	269977.7	276307.5	285414.9	295133.3
QX11	13.1797	25.0594	18.1689	41.4326	30.3449	9.9606	11.5068	17.0521	8.6101	20.4996	34.6196	17.7385	14.6498	13.2402	16.0374	36.6712	21.5582	41.8157	15.0195	26.1816	9.1887	31.2847	37.5624	41.2848	6.9360	18.8645	17.2232	54.9844	7.1387	17.7706	35.2597	19.3203	13.3641
QX12	0.0429	0.0635	0.0446	0.0964	0.0665	0.0366	0.0316	0.0509	0.0464	0.0593	0.0774	0.0487	0.0502	0.0481	0.0632	0.1351	0.0471	0.1094	0.0468	0.0616	0.0338	0.0699	0.0929	0.1161	0.0377	0.0753	0.0619	0.2491	0.0307	0.0425	0.0913	0.0427	0.0365
0	12666	131170.2	0.129982	10.655	20	2639	7	-1	20245,11541,3/19/2013,0009155	2
1	17334.2	22131.9	23934.9	31681.0	35015.8	39831.5	42826.3	46187.4	50938.1	57572.8	64342.5	68856.1	80383.0	94929.2	99177.1	103465.6	111491.5	119590.0	124317.6	130631.9	131170.2
QX11	16.9187	13.4516	26.3050	13.5245	31.0594	7.9909	16.4327	18.0110	18.1081	11.4695	33.8776	20.4384	7.8091	25.6374	44.8501	41.1628	27.2252	37.3178	8.1466	6.7263
QX12	0.0427	0.0444	0.0677	0.0406	0.0622	0.0339	0.0494	0.0526	0.0435	0.0334	0.0563	0.0428	0.0300	0.0520	0.0728	0.0714	0.0504	0.0704	0.0308	0.0278
0	12816	185008.8	0.159417	19.409	18	2789	7	-1	20245,11541,3/19/2013,0009155	2
1	11287.7	15082.8	21306.2	22986.1	36807.6	37165.0	45241.2	48139.0	70334.9	88448.2	96204.9	111919.8	114324.0	116228.9	122603.7	136555.8	146436.3	156373.2	185008.8
QX11	17.2626	38.3307	20.6834	11.0963	14.5382	9.9936	7.9245	25.7369	28.9533	9.4990	10.0692	9.8851	13.2938	9.7928	11.4408	40.6529	23.2146	39.9732
QX12	0.0442	0.0677	0.0591	0.0412	0.0441	0.0368	0.0319	0.0548	0.0565	0.0290	0.0307	0.0379	0.0502	0.0396	0.0387	0.1059	0.0525	0.0816
0	12827	226611.3	0.169090	8.473	26	2800	7	-1	20245,11541,3/19/2013,0009155	2
1	12074.5	15828.8	21849.7	23754.9	37191.4	38269.2	45849.6	48453.4	57071.4	71367.9	89534.9	97456.5	113415.4	115840.6	118063.1	124221.3	128661.6	138210.8	146712.0	157793.0	168221.0	191790.3	197299.8	200087.8	203888.9	212539.5	226611.3
QX11	21.9429	39.8661	13.3967	17.2253	8.4718	25.8539	5.6202	34.4214	11.3934	38.5529	13.8649	34.9666	5.2590	16.1368	13.1460	14.8404	22.2642	36.3756	9.0796	7.0352	7.5292	29.6927	26.0511	16.4634	37.5639	10.9072
QX12	0.0739	0.1057	0.0481	0.0523	0.0393	0.0701	0.0332	0.0770	0.0340	0.1374	0.0469	0.0683	0.0311	0.0524	0.0451	0.0361	0.0429	0.0775	0.0326	0.0308	0.0298	0.0669	0.0643	0.0552	0.1006	0.0347
0	14146	222206.8	0.120060	3.539	15	1183	8	-1	20245,11541,3/19/2013,0009155	2
1	19742.5	23098.5	41543.3	49244.8	52637.6	79843.3	97985.2	114048.0	125437.9	133993.2	136728.7	145137.8	149030.2	185704.3	206925.8	222206.8
QX11	16.8987	23.0255	44.3574	40.7337	6.7777	13.5563	36.5128	6.0924	14.3480	6.3214	37.4855	7.0029	4.2826	8.9988	42.7099
QX12	0.0454	0.0533	0.1045	0.0648	0.0304	0.0376	0.0626	0.0280	0.0402	0.0338	0.0793	0.0285	0.0261	0.0323	0.0639
0	14253	233463.1	0.187206	5.620	28	1290	8	-1	20245,11541,3/19/2013,0009155	2
1	3432.9	11591.2	20026.3	21752.1	26857.8	27924.4	28034.3	30505.1	40603.2	44591.4	47208.1	50336.8	56337.6	66470.4	80596.7	82160.3	85223.0	89279.5	111218.7	115009.3	127933.7	139209.4	142162.3	184149.8	190758.3	206905.9	210056.7	215103.4	233463.1
QX11	42.8851	23.9174	42.2351	10.9549	14.4896	16.1399	10.3412	19.0831	10.5175	21.7526	14.3028	10.9079	51.0616	22.1763	21.9088	12.0541	11.3131	14.9069	12.3933	26.8841	23.2567	22.7945	21.6989	10.9012	27.3779	14.1240	26.8752	40.3635
QX12	0.1291	0.0560	0.1544	0.0504	0.0522	0.0662	0.0610	0.0615	0.0389	0.0606	0.0461	0.0383	0.1110	0.0528	0.0825	0.0599	0.0446	0.0438	0.0426	0.0768	0.0538	0.0594	0.0607	0.0394	0.0699	0.0697	0.0715	0.0678
0	14699	263319.7	0.176419	24.923	31	1736	8	-1	20245,11541,3/19/2013,0009155	2
1	10504.2	11964.8	17971.5	27221.2	50255.9	51895.8	55515.8	64834.7	65240.7	81223.1	97120.3	100733.6	104422.4	107471.7	114214.8	119915.4	137329.0	141355.3	141948.6	147532.5	154007.8	164304.1	174791.0	192030.5	202457.6	207921.8	215562.6	223920.8	229869.7	233817.0	260428.6	263319.7
QX11	28.2986	13.1544	9.2806	17.3154	6.5052	4.4893	10.0338	22.7224	14.8482	27.2321	39.1993	18.0835	6.3751	4.2152	13.1753	12.3583	15.9878	9.1256	5.2475	16.8303	19.2016	23.3032	14.4043	8.2140	7.9060	20.0322	6.3668	10.9616	11.5014	34.8760	17.1969
QX12	0.0731	0.0432	0.0313	0.0414	0.0292	0.0277	0.0320	0.0535	0.0415	0.0563	0.0802	0.0449	0.0308	0.0324	0.0334	0.0345	0.0522	0.0987	0.1091	0.0751	0.0439	0.0638	0.0514	0.0496	0.0460	0.0583	0.0380	0.0406	0.0403	0.0564	0.0397
0	14813	125296.7	0.145931	20.513	14	1850	8	-1	20245,11541,3/19/2013,0009155	2
1	3432.2	9754.4	19637.5	30096.5	50960.1	54114.9	71981.4	83089.8	90983.3	103981.0	105474.4	115082.7	119119.1	121762.5	125296.7
QX11	10.1564	18.6577	26.8172	25.5868	24.6892	15.8756	64.7115	53.2712	39.7505	31.6950	7.5113	11.8825	25.8734	8.7867
QX12	0.0331	0.0361	0.0471	0.0481	0.0498	0.0380	0.1047	0.1568	0.0610	0.0637	0.0337	0.0346	0.0556	0.0338
0	14836	108166.2	0.132464	12.961	15	1873	8	-1	20245,11541,3/19/2013,0009155	2
1	2623.4	6979.2	7524.9	17621.7	38109.6	41966.2	44652.4	50498.9	59914.9	72990.0	76505.7	86960.9	89699.2	91614.4	103136.0	108166.2
QX11	35.6301	14.5134	11.8649	24.6650	9.6406	13.2849	28.0392	16.5015	13.6578	10.3652	25.0776	22.3077	6.1880	25.1578	30.0349
QX12	0.0550	0.0366	0.0332	0.0465	0.0316	0.0383	0.0551	0.0379	0.0334	0.0314	0.0440	0.0506	0.0322	0.0478	0.0757
0	14867	206089.0	0.169345	5.790	23	1904	8	-1	20245,11541,3/19/2013,0009155	2
1	3077.4	56581.8	58365.9	66649.0	75387.3	77941.8	81126.3	95212.1	98187.6	103286.0	110672.7	126450.9	136890.8	143593.3	157223.0	165332.9	167118.8	177502.6	178253.4	182778.7	192378.7	195642.3	206089.0	206089.0
QX11	15.2049	5.5476	18.2443	35.9150	10.3504	27.7191	22.2091	5.8193	20.3313	27.7888	5.3378	20.6260	31.3147	50.8842	24.9589	24.7789	5.7493	4.6855	6.3936	25.3982	7.3907	16.4997	10.9947
QX12	0.0407	0.0373	0.0657	0.0758	0.0423	0.0870	0.0646	0.0305	0.0455	0.0822	0.0428	0.0602	0.0867	0.1323	0.0483	0.0656	0.0320	0.0396	0.0452	0.0666	0.0338	0.0452	0.0344
0	15319	153685.2	0.164076	14.607	17	2356	8	-1	20245,11541,3/19/2013,0009155	2
1	3922.4	6686.3	9322.5	14454.3	39124.0	41560.7	52682.0	55192.5	58588.0	64243.7	71404.9	78752.5	91033.3	107575.0	133647.7	148098.6	153063.1	153685.2
QX11	13.0662	8.8777	37.4849	10.1013	41.6459	4.6640	9.0089	9.9691	11.1678	53.9988	20.2531	25.3323	64.5630	27.9155	40.4998	6.7512	15.3087
QX12	0.0430	0.0449	0.1175	0.0362	0.0852	0.0304	0.0360	0.0393	0.0349	0.0938	0.0402	0.0509	0.1453	0.0464	0.0723	0.0288	0.0358
0	15378	105344.5	0.162382	11.323	9	2415	8	-1	20245,11541,3/19/2013,0009155	2
1	3561.8	9578.4	12795.0	32676.6	36455.6	81987.2	82937.2	84750.7	105344.5	105344.5
QX11	26.1799	16.5452	32.3618	7.0634	11.7391	7.4312	19.5738	13.8391	10.2993
QX12	0.0598	0.0450	0.0720	0.0294	0.0335	0.0377	0.0823	0.0655	0.0337
0	15406	205076.3	0.170076	24.685	25	2443	8	-1	20245,11541,3/19/2013,0009155	2
1	4160.8	5858.8	19467.4	28771.1	32407.5	36049.1	45044.0	49249.8	51224.4	68474.4	74723.6	77451.6	93678.7	96617.4	100300.1	104678.4	109374.8	111805.6	119660.8	124111.9	145463.7	154101.1	162410.2	175086.7	187413.4	205076.3
QX11	25.3536	11.4332	17.1883	34.5189	29.2479	41.7930	32.0408	22.1696	26.9432	20.2754	13.1095	16.0642	19.2721	27.8159	19.7835	54.0072	15.8654	15.2850	31.6453	22.5958	16.1593	10.5308	38.1954	8.0449	26.1337
QX12	0.0495	0.0350	0.0393	0.0884	0.0949	0.1268	0.0965	0.0975	0.1234	0.0479	0.0465	0.0507	0.0579	0.0812	0.0559	0.1245	0.0588	0.0486	0.0654	0.0544	0.0386	0.0307	0.0742	0.0311	0.0498
0	15428	291706.9	0.145366	17.603	39	2465	8	-1	20245,11541,3/19/2013,0009155	2
1	15120.9	18869.4	34363.6	45877.0	51406.8	51577.1	60986.8	64333.2	66045.1	89287.6	98633.2	106289.2	119494.5	120627.0	129260.7	135919.7	152452.6	158076.3	162970.9	168337.9	172796.4	173777.0	183810.9	204644.5	211053.2	214574.6	216193.1	226003.9	239657.3	241908.9	252564.5	257319.6	266018.6	269560.0	273303.2	278607.8	281433.3	285412.9	290891.3	291706.9
QX11	29.5407	43.7242	30.6522	11.9329	32.2375	23.9776	9.2437	6.3628	32.5801	55.5280	8.7968	47.5823	20.7155	11.9425	32.2397	16.2194	22.7244	15.8617	14.8282	31.2173	5.7415	9.3902	38.3449	8.9158	19.0459	22.3657	6.9682	10.9428	4.5251	18.0757	17.4376	13.5733	33.2533	19.5681	17.4904	19.6814	11.1325	14.4328	43.7855
QX12	0.1098	0.2041	0.0757	0.0358	0.0999	0.0780	0.0346	0.0392	0.0776	0.1029	0.0304	0.0819	0.0647	0.0418	0.0550	0.0369	0.0480	0.0409	0.0360	0.0570	0.0296	0.0312	0.0646	0.0300	0.0485	0.0600	0.0343	0.0310	0.0271	0.0397	0.0374	0.0343	0.1556	0.1000	0.0533	0.0519	0.0400	0.0404	0.0887
0	15627	112571.9	0.146695	21.084	9	2664	8	-1	20245,11541,3/19/2013,0009155	2
1	6047.4	35711.9	39054.6	57619.6	65371.4	69010.0	88298.3	96081.2	106858.0	112571.9
QX11	32.2874	12.4373	26.3988	8.5176	21.1431	17.3884	16.0301	14.1721	55.2826
QX12	0.0502	0.0358	0.0513	0.0311	0.0429	0.0382	0.0415	0.0364	0.1290
0	15700	144874.4	0.168810	25.950	18	2737	8	-1	20245,11541,3/19/2013,0009155	2
1	2156.0	12843.5	18926.2	21122.0	23410.6	39384.5	47391.8	64728.9	78771.5	86936.4	89700.7	97082.3	111896.9	113681.1	119726.8	123603.3	132301.5	137981.8	144874.4
QX11	5.7234	18.4325	12.1534	18.7777	4.9642	22.1631	11.0878	31.8176	46.1466	45.5168	7.8857	27.0061	10.9840	37.9010	37.8469	32.4098	46.2310	30.3927
QX12	0.0269	0.0400	0.0376	0.0474	0.0289	0.0450	0.0325	0.1091	0.0809	0.1212	0.0367	0.1041	0.0513	0.1151	0.1819	0.1812	0.1687	0.0606
0	15813	254999.3	0.224358	7.834	24	2850	8	-1	20245,11541,3/19/2013,0009155	2
1	19306.7	25984.8	28131.8	33251.3	44293.4	49145.5	57196.0	63264.3	66265.3	88227.4	92227.8	97168.3	101960.8	116211.2	130556.7	136491.9	143770.6	155080.5	164255.1	170311.0	184586.1	187837.0	232536.8	233716.3	254999.3
QX11	6.8993	13.5079	26.8579	21.2329	32.8720	21.6052	16.1027	7.3630	10.6746	19.8112	6.3378	15.5751	11.6721	27.4234	47.3020	7.6383	37.0471	73.6082	21.9999	7.1370	4.7873	5.4516	9.3773	39.0274
QX12	0.0325	0.0375	0.0554	0.0465	0.0667	0.0434	0.0379	0.0358	0.0384	0.0664	0.0329	0.0454	0.0394	0.1043	0.0809	0.0312	0.0670	0.1092	0.0508	0.0308	0.0311	0.0323	0.0381	0.0824
0	15986	658799.7	0.178880	22.292	69	3023	8	-1	20245,11541,3/19/2013,0009155	2
1	1890.9	3917.9	16971.3	25743.0	29372.2	33002.7	41991.1	45994.3	47939.2	65530.6	68882.1	72209.4	73817.5	74454.1	90756.7	93640.3	97308.5	106399.9	108773.6	116494.8	120972.2	142271.7	171601.5	184092.2	204756.9	212934.4	215535.3	252143.7	266590.2	279374.4	280848.3	283607.2	287533.4	307254.0	314643.6	319596.5	326561.5	330302.0	338631.2	344613.9	350906.5	355766.1	360083.5	388873.6	391912.0	396594.9	407525.4	437403.9	440766.5	479165.6	504781.5	531389.8	534053.4	542557.7	551041.5	553949.8	557019.1	571229.1	574458.8	579555.0	587084.8	602979.7	613352.9	620056.0	633739.2	642004.0	644371.9	653915.1	658799.7	658799.7
QX11	21.4864	24.6648	15.0350	28.9441	34.5491	36.3292	27.0227	33.2423	22.2784	28.5339	5.9347	9.0554	17.9409	13.5099	17.7260	33.9515	14.7471	19.7801	15.3268	29.6584	25.9456	16.5142	5.2524	24.1918	17.7764	11.6409	24.5458	32.0379	50.9041	7.1193	20.7493	22.8011	43.2383	26.5338	31.3221	19.4892	23.5862	32.2645	77.9986	23.7825	29.3689	33.4809	15.2170	6.0849	27.0020	13.2547	17.8516	11.3746	18.4033	20.0888	6.3880	10.9646	27.7333	14.2737	16.2320	21.1026	40.1620	11.8501	11.5521	38.6741	12.1067	26.2927	54.0789	44.1132	21.0709	23.4724	6.8066	5.0785	6.5612
QX12	0.0652	0.0675	0.0405	0.0850	0.1042	0.1073	0.0827	0.1019	0.0699	0.0578	0.0350	0.0415	0.0533	0.0406	0.0529	0.0878	0.0462	0.0458	0.0422	0.0562	0.0515	0.0354	0.0277	0.0449	0.0392	0.0352	0.0520	0.0567	0.0753	0.0369	0.0739	0.0679	0.1102	0.0543	0.0603	0.0424	0.0466	0.0577	0.1104	0.0434	0.0496	0.0590	0.0373	0.0283	0.0475	0.0350	0.0394	0.0330	0.0366	0.0423	0.0285	0.0428	0.0862	0.0392	0.0459	0.0583	0.0817	0.0346	0.0350	0.0740	0.0345	0.0483	0.1189	0.0871	0.0418	0.0579	0.0352	0.0317	0.0346
0	16330	231505.5	0.140829	18.510	28	213	9	-1	20245,11541,3/19/2013,0009155	2
1	2187.5	8996.9	12026.5	22760.9	30990.8	32650.1	41950.0	44209.3	48662.9	58160.2	61553.6	72514.2	74155.1	100987.7	112039.7	114300.9	121963.2	130747.7	139889.9	143521.7	150588.5	158310.3	171150.3	176691.5	179761.7	183604.7	198789.2	201675.7	231505.5
QX11	50.1596	46.4016	5.8603	30.9364	37.4099	8.7702	32.8832	13.0904	29.6451	14.6722	19.5160	10.1983	13.3469	21.7352	16.5752	8.7975	17.5523	14.8520	17.5865	33.9408	30.5922	10.8752	11.7907	9.9952	24.2449	15.4692	4.5328	38.8399
QX12	0.1176	0.1241	0.0364	0.0664	0.0754	0.0408	0.0779	0.0504	0.0789	0.0407	0.0458	0.0372	0.0389	0.0415	0.0436	0.0357	0.0440	0.0361	0.0402	0.0703	0.0511	0.0315	0.0326	0.0326	0.0509	0.0429	0.0289	0.0674
0	16435	147321.7	0.196527	4.984	19	318	9	-1	20245,11541,3/19/2013,0009155	2
1	2770.3	7506.4	10528.1	20551.5	29382.0	47095.6	54645.0	61162.9	78082.6	79864.6	90249.8	94544.0	98270.5	100558.1	109872.6	113271.2	131485.8	132889.7	142003.7	147321.7
QX11	9.2772	50.0267	8.3285	21.8464	21.5235	53.6955	7.8705	11.8008	11.2389	36.4173	15.9559	42.4863	8.8401	30.6673	17.4083	9.3065	7.2337	12.2920	23.9219
QX12	0.0488	0.1044	0.0395	0.0513	0.0504	0.1064	0.0329	0.0443	0.0411	0.0747	0.0549	0.1036	0.0472	0.0798	0.0499	0.0583	0.0375	0.0489	0.0499
0	17456	129702.3	0.177490	11.789	12	1339	9	-1	20245,11541,3/19/2013,0009155	2
1	665.6	18411.9	37149.4	39632.6	76136.6	80246.8	88433.0	92027.9	99470.7	111248.4	127156.7	128587.1	129702.3
QX11	24.4342	69.9157	11.9976	24.4872	18.5892	15.4699	45.9705	15.1133	46.5378	12.7458	35.1782	17.4986
QX12	0.0469	0.1636	0.0397	0.0548	0.0459	0.0437	0.1042	0.0489	0.0869	0.0374	0.0910	0.0571
0	17749	281429.3	0.191928	14.761	30	1632	9	-1	20245,11541,3/19/2013,0009155	2
1	23190.5	24551.7	69838.4	73374.2	92547.9	101900.5	113082.1	120439.9	124116.5	126483.5	136013.7	141195.5	149902.0	154911.8	159951.5	163784.9	186323.7	188133.5	189290.2	194961.3	202876.6	207702.5	220314.7	225543.7	227585.4	234136.9	254577.9	258805.1	264550.4	270628.3	281429.3
QX11	38.5873	4.0685	5.2680	6.5953	17.2200	24.2172	9.5522	8.3546	10.3201	6.5890	42.8337	8.8554	30.4852	43.6778	11.6400	55.5754	14.0939	7.3239	8.1447	24.1207	34.9925	51.6408	33.5183	26.8995	14.8017	11.9152	23.0748	43.2014	23.1923	12.9573
QX12	0.0744	0.0302	0.0266	0.0280	0.0366	0.0425	0.0290	0.0300	0.0325	0.0290	0.1836	0.0363	0.0605	0.0935	0.0414	0.1538	0.0416	0.0373	0.0358	0.0451	0.0607	0.0981	0.0700	0.0725	0.0490	0.0336	0.0480	0.0623	0.0437	0.0350
0	18446	253531.6	0.135349	15.442	22	2329	9	-1	20245,11541,3/19/2013,0009155	2
1	1815.3	15829.0	17881.6	25978.4	27373.2	30038.8	33422.3	61334.0	91674.5	97246.2	109138.8	114143.9	115016.6	118054.1	133419.4	141643.6	147376.6	189405.3	192459.9	203650.7	216426.3	249709.7	253531.6
QX11	20.0201	7.4721	35.2066	17.0809	8.0131	10.9673	20.7477	14.6087	5.0923	19.2297	36.1493	25.7155	11.2842	4.8112	31.7117	46.1725	31.6979	19.2137	36.0700	12.1724	52.6336	15.8591
QX12	0.0437	0.0337	0.0757	0.0403	0.0340	0.0361	0.0420	0.0354	0.0267	0.0405	0.0547	0.0459	0.0350	0.0268	0.0505	0.1096	0.0664	0.0620	0.0843	0.0532	0.1132	0.0366
0	19053	217311.8	0.168818	4.361	28	2936	9	-1	20245,11541,3/19/2013,0009155	2
1	6766.7	10417.6	14074.5	16863.6	23581.2	38547.3	44413.8	47266.5	51442.2	52037.1	54080.9	57570.4	64034.3	73673.5	84705.1	101670.7	104938.5	112139.1	117566.5	133220.7	139277.4	143281.8	170283.2	172485.3	177603.5	190213.1	195074.7	203123.4	217311.8
QX11	41.5811	28.2094	9.9823	23.6851	25.9328	9.3008	15.8819	14.6263	11.7654	13.6347	15.5776	26.6559	7.2077	38.5104	16.2341	6.6353	9.0765	9.4100	12.1141	5.3516	14.8902	22.2678	11.8395	13.3502	38.6927	29.3111	24.7006	26.4354
QX12	0.1347	0.0815	0.0417	0.0631	0.0537	0.0340	0.0460	0.0521	0.0508	0.0648	0.0626	0.0726	0.0361	0.0734	0.0429	0.0311	0.0331	0.0317	0.0377	0.0294	0.0402	0.0463	0.0420	0.0485	0.0598	0.0548	0.0446	0.0516
0	19477	299053.5	0.183621	13.340	30	3360	9	-1	20245,11541,3/19/2013,0009155	2
1	2553.7	16883.6	21740.5	26073.1	40647.3	47018.8	88647.5	91837.0	102953.9	115925.8	149106.5	151667.8	165730.4	175882.4	181802.9	184854.4	187356.0	201060.2	204351.5	209891.4	211459.7	219743.4	224289.1	241477.9	242847.3	263383.2	280936.3	285621.6	288614.1	299053.5	299053.5
QX11	22.2112	32.4525	27.3535	7.4852	44.0705	15.6313	24.2372	35.6549	19.9449	17.9860	13.4819	40.2892	13.7526	45.9343	7.0114	9.5310	14.1400	12.4408	19.3375	21.9314	23.6554	9.1801	38.2792	11.4385	16.8258	30.3393	21.7939	28.0589	22.6099	18.2023
QX12	0.0575	0.0671	0.0615	0.0329	0.1383	0.0449	0.0586	0.0841	0.0457	0.0386	0.0404	0.0847	0.0408	0.0759	0.0319	0.0352	0.0396	0.0369	0.0484	0.0740	0.0712	0.0339	0.0705	0.0447	0.0559	0.0651	0.0507	0.0683	0.0561	0.0502
0	19551	223676.2	0.117126	16.259	20	3434	9	-1	20245,11541,3/19/2013,0009155	2
1	32862.5	36127.9	59517.1	65592.4	68713.5	71253.4	74839.9	93529.7	95663.6	103730.2	111813.8	128386.9	129177.2	150438.0	168153.7	172728.3	175809.8	191548.6	198300.5	213185.5	223676.2
QX11	4.5910	12.6717	45.2854	10.1500	12.2331	24.0091	4.9965	5.2518	23.2707	20.8922	25.3453	15.3802	7.1307	14.1946	27.5119	31.5075	8.9885	18.3811	39.6769	31.5698
QX12	0.0266	0.0339	0.0796	0.0351	0.0418	0.0531	0.0294	0.0302	0.0530	0.0409	0.0479	0.0392	0.0310	0.0373	0.0504	0.0551	0.0324	0.0413	0.0966	0.0472
0	19714	147321.8	0.157654	26.157	19	151	10	-1	20245,11541,3/19/2013,0009155	2
1	5304.3	10419.0	39588.0	41656.1	49329.1	52502.8	57027.3	59705.6	63252.7	68140.2	81320.3	86025.7	96116.2	106234.1	110578.0	127393.3	135407.7	140233.8	146555.3	147321.8
QX11	24.2696	22.1854	18.7947	13.3222	6.9079	32.5730	5.9526	5.2605	21.0598	6.1209	9.5286	23.8296	23.3701	25.2091	32.0087	39.1091	15.2738	15.5434	13.3148
QX12	0.0446	0.0440	0.0429	0.0373	0.0294	0.0570	0.0292	0.0279	0.0355	0.0291	0.0300	0.0432	0.0425	0.0656	0.0863	0.0855	0.0407	0.0409	0.0387
0	19753	220951.5	0.151373	17.134	25	190	10	-1	20245,11541,3/19/2013,0009155	2
1	7701.1	21187.0	22652.2	32271.2	47341.6	51927.6	59876.0	65215.1	78236.7	83391.2	86257.7	104058.6	110282.1	117983.9	134172.4	154139.8	157060.4	164471.7	179228.5	182120.8	189452.8	194143.9	215008.5	218175.4	220951.5	220951.5
QX11	14.4417	24.6739	38.7807	11.1502	9.7383	14.0471	8.4785	10.5664	30.7482	41.7597	16.7403	30.3304	28.1241	20.2118	25.5141	5.9564	26.5136	16.0789	5.6723	59.9855	40.8957	46.8974	49.0960	11.2455	44.7163
QX12	0.0390	0.0560	0.0778	0.0325	0.0313	0.0357	0.0307	0.0332	0.0752	0.1404	0.0745	0.0607	0.0551	0.0446	0.0475	0.0311	0.0485	0.0391	0.0315	0.0929	0.0739	0.0785	0.1423	0.0712	0.1755
0	20092	312674.8	0.186259	19.416	33	529	10	-1	20245,11541,3/19/2013,0009155	2
1	5998.9	20293.7	25253.3	44479.1	50771.3	75877.4	92896.9	95924.2	107043.5	119910.7	154287.9	155699.4	169736.7	179979.4	185793.6	188809.2	191542.5	195488.1	205597.3	208823.0	214477.0	216028.3	224573.3	232698.5	249706.2	251285.7	259512.5	271932.8	289418.4	294056.9	297016.2	310443.6	312674.8	312674.8
QX11	20.0231	43.3123	20.6874	14.5485	8.8565	5.9015	26.9700	54.7484	23.7097	22.2256	19.3059	27.6194	12.9142	52.2160	20.0202	8.0058	24.8749	9.4193	22.4649	31.3638	24.8455	43.1595	25.1312	54.1311	11.3792	13.0856	12.4552	48.2651	29.6278	35.3480	11.1372	11.7231	11.9872
QX12	0.0422	0.0773	0.0453	0.0351	0.0307	0.0269	0.0932	0.1761	0.0485	0.0459	0.0636	0.0823	0.0344	0.1089	0.0474	0.0366	0.0542	0.0334	0.0570	0.0883	0.0853	0.1191	0.0449	0.1039	0.0373	0.0401	0.0345	0.0731	0.0574	0.0663	0.0362	0.0384	0.0361
0	20231	308312.1	0.184667	10.008	38	668	10	-1	20245,11541,3/19/2013,0009155	2
1	4531.0	9804.1	12060.0	14215.4	18772.3	43375.0	48856.3	51723.1	61034.8	74441.5	79509.5	86583.3	91299.7	96733.1	103446.9	104929.6	111278.6	121448.2	132271.8	134346.1	157184.8	175031.7	209749.3	214315.8	218290.1	220970.1	227557.5	231050.0	235422.2	239923.5	243767.0	248208.6	258056.7	274173.2	277292.8	285474.7	297683.5	308312.1	308312.1
QX11	10.0343	8.2510	25.7396	18.5390	13.7340	18.0944	13.2484	53.4541	32.4215	31.9144	15.2113	31.6429	38.8700	43.9961	35.0388	7.4601	8.0778	39.6428	8.0371	29.9576	23.5685	35.5648	12.2369	7.6689	19.0332	14.3778	31.1380	34.4190	13.0878	6.9362	37.9760	32.0593	14.7059	11.0916	10.2293	17.5549	11.6036	7.9808
QX12	0.0352	0.0375	0.0781	0.0545	0.0424	0.0459	0.0626	0.1825	0.0651	0.0711	0.0447	0.0688	0.0877	0.0873	0.0911	0.0388	0.0337	0.0662	0.0338	0.0599	0.0444	0.0707	0.0416	0.0335	0.0516	0.0427	0.0891	0.0819	0.0451	0.0337	0.0944	0.0620	0.0384	0.0557	0.0424	0.0848	0.0386	0.0334
0	20837	242273.7	0.165147	14.295	28	1274	10	-1	20245,11541,3/19/2013,0009155	2
1	5882.9	19580.9	22874.9	26219.1	31377.6	44284.1	46961.5	49801.7	54413.5	79658.7	82967.7	85423.6	92938.0	95339.0	98849.1	104568.3	111562.6	118861.7	131509.5	146488.5	147897.3	175722.9	190012.6	196828.3	203172.0	211831.7	218639.3	220962.0	242273.7
QX11	21.0368	36.3754	8.6641	30.8604	17.3281	22.1188	7.6579	39.6073	27.5734	18.5632	4.5109	46.2394	9.3661	21.8128	9.4256	49.1621	9.2786	16.9865	56.9018	9.3121	8.4968	30.2362	16.9447	55.5391	45.3478	16.7152	30.1947	6.6950
QX12	0.0429	0.0945	0.0538	0.1315	0.0512	0.0498	0.0416	0.1037	0.0633	0.0489	0.0342	0.1149	0.0437	0.0692	0.0385	0.1300	0.0343	0.0406	0.1140	0.0341	0.0336	0.0597	0.0378	0.1136	0.0781	0.0407	0.0915	0.0373
0	20864	282407.7	0.175764	16.164	27	1301	10	-1	20245,11541,3/19/2013,0009155	2
1	618.9	7310.3	15804.4	45454.6	67616.5	99793.1	122115.7	142016.7	148459.2	153840.9	160723.9	163562.4	169387.8	172521.8	188218.1	190388.3	195002.2	198211.6	214256.4	217275.9	231745.6	248709.4	262229.2	265673.1	272897.0	274681.1	279106.4	282407.7
QX11	20.2790	9.8509	28.1259	30.7077	28.5279	17.6412	9.3678	16.5705	34.1466	21.0227	31.7779	28.6292	9.3828	13.3828	18.0094	11.1217	31.0021	10.0470	15.9052	18.9812	29.6983	11.7403	10.2383	49.8265	33.6811	20.0581	40.1709
QX12	0.0515	0.0354	0.0590	0.0583	0.0566	0.0407	0.0319	0.0403	0.0629	0.0480	0.0690	0.0662	0.0351	0.0394	0.0463	0.0383	0.0691	0.0365	0.0467	0.0519	0.0549	0.0348	0.0408	0.1035	0.0951	0.0674	0.1080
0	20883	328415.2	0.188177	16.775	36	1320	10	-1	20245,11541,3/19/2013,0009155	2
1	8931.8	12477.1	20129.6	37953.5	41130.4	67767.6	99454.9	127338.2	136239.2	136906.1	141423.1	146028.1	150241.8	153304.6	160882.6	171099.1	173108.1	174309.2	181284.6	184480.3	200911.5	210845.8	215330.7	219267.1	223813.3	228182.0	231587.6	238330.4	240942.3	245006.3	249338.1	254327.7	256084.3	276864.3	287771.6	304430.5	328415.2
QX11	16.2001	27.6316	43.0422	14.8438	18.4578	31.2607	24.0835	44.0882	15.5057	14.4626	47.5991	8.6158	12.7322	29.8290	16.6480	8.9848	22.2910	9.2551	16.0084	23.3865	18.6688	14.2815	46.5990	16.5471	17.1313	30.6446	34.5231	14.7293	25.6981	14.2804	9.8811	6.5131	22.7262	56.7498	11.2188	10.4267
QX12	0.0430	0.0556	0.0815	0.0369	0.0424	0.0813	0.0475	0.0974	0.0476	0.0470	0.0802	0.0338	0.0422	0.0597	0.0440	0.0453	0.0944	0.0426	0.0434	0.0528	0.0448	0.0416	0.1201	0.0459	0.0468	0.0850	0.0970	0.0436	0.0626	0.0409	0.0347	0.0322	0.0560	0.1507	0.0363	0.0365
0	22058	199692.1	0.163784	18.711	23	2495	10	-1	20245,11541,3/19/2013,0009155	2
1	4014.4	7720.7	10528.7	16166.1	49248.6	60569.2	69174.6	83059.5	88963.6	91119.5	109482.7	118150.5	135375.7	149401.0	157970.3	160693.4	166048.9	166483.2	179008.1	180759.9	186677.4	190369.4	199415.4	199692.1
QX11	43.5123	21.7268	10.2412	25.7928	41.6933	9.8419	52.6606	10.8397	6.5204	9.1161	51.7454	36.4283	32.1941	22.1745	38.8829	6.2054	21.8154	17.6459	14.4874	15.9921	31.1104	20.1028	41.8784
QX12	0.1664	0.0899	0.0469	0.0695	0.0971	0.0368	0.1502	0.0360	0.0354	0.0380	0.1226	0.0817	0.0866	0.0418	0.0775	0.0316	0.0575	0.0503	0.0403	0.0436	0.0584	0.0467	0.0716
0	22085	295132.8	0.169966	12.164	32	2522	10	-1	20245,11541,3/19/2013,0009155	2
1	11822.8	18333.5	36253.3	37251.3	42437.7	56782.8	64295.2	95991.3	115317.4	118889.2	123692.7	127068.0	129573.6	131229.6	139172.8	143412.5	156951.3	164015.1	167073.4	180267.2	188831.8	192586.5	196679.5	196942.5	204291.8	210801.0	212564.6	231402.7	233734.3	244969.2	258694.5	259579.3	295132.8
QX11	7.3986	25.4765	23.2872	21.2465	30.6064	47.6671	23.4043	17.4771	20.9071	33.9959	47.4359	13.1508	5.5688	10.5327	29.8318	21.5358	34.8257	8.6174	4.5128	9.0913	19.6703	23.5857	11.1887	7.4441	10.1572	6.0630	16.2376	27.0625	6.4572	11.8524	6.1985	9.1471
QX12	0.0575	0.1042	0.1199	0.0698	0.0818	0.1052	0.0492	0.0416	0.0533	0.0672	0.1084	0.0485	0.0358	0.0376	0.0558	0.0462	0.0648	0.0336	0.0294	0.0319	0.0444	0.0480	0.0383	0.0336	0.0332	0.0308	0.0466	0.0676	0.0755	0.0374	0.0699	0.0931
0	22401	309327.9	0.122308	12.303	20	2838	10	-1	20245,11541,3/19/2013,0009155	2
1	0.0	4497.0	13724.4	63659.9	75857.3	105319.7	108797.5	127310.5	134961.9	138518.3	165180.9	172511.4	183441.6	199317.8	211036.0	219584.1	222054.0	230379.0	270929.0	291978.3	309327.9
QX11	4.3840	4.3984	13.8026	7.0271	23.4809	4.9344	5.1832	50.8861	26.4509	34.8634	6.4664	6.0685	33.7828	35.7381	33.4453	8.9541	23.4700	8.4007	31.9814	20.4633
QX12	0.0269	0.0279	0.0426	0.0279	0.0447	0.0260	0.0260	0.0896	0.0614	0.0746	0.0275	0.0277	0.0669	0.0625	0.0581	0.0325	0.0469	0.0294	0.0487	0.0401
0	22509	154174.8	0.169420	28.888	15	2946	10	-1	20245,11541,3/19/2013,0009155	2
1	16483.0	35521.0	38538.1	43367.1	45369.2	57133.2	61054.3	64168.1	70141.5	72960.7	79990.5	111852.4	127997.5	133240.4	138019.5	154174.8
QX11	26.6358	7.3410	26.6700	15.8409	20.3218	12.3660	23.0074	22.0254	11.1885	24.6366	28.8821	5.8589	5.0580	31.6820	9.0568
QX12	0.0497	0.0333	0.0733	0.0568	0.0633	0.0361	0.0502	0.0455	0.0354	0.0523	0.0486	0.0273	0.0271	0.0601	0.0300
0	22589	187946.8	0.173835	12.160	26	3026	10	-1	20245,11541,3/19/2013,0009155	2
1	5779.6	8082.1	10450.5	26234.7	34112.3	50088.7	52114.4	58224.4	66750.7	73593.9	76378.0	84603.0	98579.8	100475.7	106525.4	110664.8	119174.2	124872.6	130024.1	138029.0	148587.3	158215.5	163152.2	167253.0	173517.6	187890.1	187946.8
QX11	18.4947	16.0521	13.6590	52.2898	36.0903	7.3152	35.2615	21.4202	18.1741	35.8971	10.3983	24.0894	20.8263	21.4692	38.8166	26.6880	46.0666	27.1046	50.0768	33.8456	22.1303	43.2015	13.8428	24.1149	40.2516	20.3260
QX12	0.0526	0.0600	0.0435	0.1367	0.0765	0.0376	0.1127	0.0439	0.0452	0.0735	0.0401	0.0767	0.0620	0.0618	0.0989	0.0890	0.0998	0.0535	0.1212	0.0514	0.0468	0.0729	0.0361	0.0554	0.0797	0.0410
0	22610	357293.5	0.173041	8.684	36	3047	10	-1	20245,11541,3/19/2013,0009155	2
1	1831.2	4687.5	12507.5	17157.4	19968.1	22916.3	29032.5	39264.2	53229.7	54669.6	89167.9	101439.1	112616.7	115578.3	157471.7	163613.6	181738.6	181845.1	187705.1	202179.4	269556.2	273001.3	275523.0	277143.4	285190.8	289366.0	303074.7	309946.3	310780.9	312865.3	329255.5	334211.1	338037.9	341726.2	348693.2	356870.3	357293.5
QX11	7.2422	8.5791	32.6401	22.3351	8.7637	10.9520	41.6998	26.1348	26.1466	12.2844	14.9136	21.9726	39.3649	26.2877	17.7475	21.4328	13.8882	12.7065	24.9689	24.9342	40.2112	12.2326	7.2646	13.8093	46.1772	17.6830	41.8845	16.4351	11.0314	15.9877	14.4928	48.0417	12.3595	27.0886	46.6042	28.8172
QX12	0.0277	0.0284	0.0849	0.0680	0.0415	0.0385	0.0975	0.0511	0.0864	0.0512	0.0416	0.0437	0.0953	0.0737	0.0448	0.0539	0.0466	0.0452	0.0490	0.0492	0.0869	0.0459	0.0421	0.0447	0.1290	0.0476	0.0837	0.0481	0.0477	0.0488	0.0418	0.1037	0.0421	0.0680	0.1204	0.0818
0	22897	198713.3	0.150101	20.374	20	3334	10	-1	20245,11541,3/19/2013,0009155	2
1	7233.2	13066.7	15672.2	19473.3	40041.0	49700.2	55331.1	60604.1	65476.5	71090.8	87544.9	94133.9	102514.4	109262.0	117707.1	134340.0	157067.6	171709.3	171907.7	188749.1	198713.3
QX11	15.7861	37.9110	16.5798	13.0066	49.8853	7.6882	26.7873	11.7617	20.6496	38.8401	8.6899	17.0348	11.7520	7.6016	15.3838	29.1624	12.0523	22.8948	30.5714	19.5679
QX12	0.0442	0.1248	0.0603	0.0405	0.1126	0.0307	0.0525	0.0341	0.0414	0.0648	0.0299	0.0370	0.0304	0.0303	0.0355	0.0558	0.0331	0.0808	0.1005	0.0622
