1 17176
1 15357
1 15750
3 8747
1 24387
1 3341
1 10306
1 3395
1 3420
1 24494
1 11835
1 4371
1 5258
1 2648
1 3534
1 3496
1 4677
1 4288
1 15003
1 11089
1 10451
1 7254
1 10670
1 4458
1 9328
1 17104
4 61178
1 20531
1 12191
1 7052
1 3028
1 7123
1 7403
1 11588
1 5809
1 25472
1 6572
1 15427
1 14882
1 9218
2 9542
1 4776
1 14127
1 8751
1 20976
1 4888
2 12555
2 19004
1 6589
1 3061
1 6712
1 7496
1 11459
1 5207
1 3878
1 10943
1 21593
1 3112
1 18020
1 13112
1 9388
1 9282
1 11088
1 4277
1 6849
1 5448
1 3921
1 25379
1 4012
1 10950
1 14182
1 11590
1 16032
1 17491
1 4713
1 3756
1 10212
1 45554
1 6484
1 6021
1 9233
1 15806
1 17105
1 6186
1 18144
1 2896
1 20377
1 1933
1 13372
1 3702
1 5699
1 5866
1 6514
1 46328
1 14571
1 22320
1 4952
1 15879
1 12827
1 4614
1 4159
1 14562
1 3555
1 10787
2 10440
1 6923
1 6567
1 4830
1 8926
1 6563
1 18104
1 12958
1 4615
1 3893
2 5989
1 15895
1 4988
1 46585
1 23474
1 13370
1 5828
2 8976
3 16673
1 5226
1 4410
1 10956
2 68024
1 7594
1 14628
1 4691
1 8473
2 10227
1 7791
1 15130
1 14971
1 16133
1 13533
1 3701
1 3752
1 23342
1 14606
1 25617
1 5507
1 6476
1 18967
2 9323
1 14037
1 10153
1 13853
1 3965
1 16704
2 8358
1 3959
2 6022
1 4990
1 14615
1 17870
1 13080
1 5288
1 5525
1 21578
1 4248
1 8026
2 18114
1 22195
1 13821
2 18167
1 13437
1 21221
1 8556
1 18142
1 5105
1 10133
1 6609
1 10459
2 11522
1 4525
1 10440
4 53504
1 3396
1 11122
1 24670
1 5132
1 16227
1 6249
1 17250
1 8995
1 15494
1 7656
1 6409
1 4755
1 8699
2 17337
2 14814
1 8698
1 9175
2 14251
1 21962
1 3001
1 5120
1 4884
1 10373
1 2664
1 26608
1 38399
1 36608
1 20664
1 17591
1 8989
1 8784
1 11052
1 4453
1 6809
1 10385
1 4736
1 3594
1 9353
1 5182
1 22539
1 5229
1 5118
1 15654
1 20536
2 5540
1 13704
1 10152
1 6371
1 4857
2 15739
1 21261
4 18690
1 6075
1 23390
1 29169
4 16815
1 3167
1 5155
1 5339
1 4586
1 13427
2 5654
1 10243
1 6292
1 19226
1 12209
1 8182
1 3493
1 6587
2 34718
1 6713
1 4716
1 13407
1 9311
1 2867
1 3510
1 2401
1 25245
1 4612
1 3294
1 31687
1 6743
1 18363
2 17225
1 12525
1 9046
1 6511
3 7064
1 8564
1 7349
4 18838
1 21049
1 40550
1 8548
1 49935
1 9227
1 4829
2 31862
1 15976
1 8225
1 13976
1 4139
1 6264
1 10232
1 6142
2 67377
1 6872
1 6967
2 8177
1 16842
2 14642
2 16633
1 8381
