-3 308 320
+8 495 533
-9 620 636
+10 70 87
-15 182 209
-25 153 160
-26 268 276
+29 435 452
+36 73 92
+37 442 466
-39 486 494
+40 452 458
-41 670 682
-44 552 557
+46 318 327
+56 637 649
-60 598 609
-69 268 276
-71 667 682
-73 443 457
+74 192 228
-77 606 619
-78 133 145
-81 320 330
+83 628 646
+93 330 350
-101 461 467
-108 198 211
+114 40 90
+117 218 228
-119 42 53
+123 49 87
+124 189 206
+126 210 223
-128 499 538
+132 448 454
-135 140 169
-143 470 486
+170 636 647
-176 479 485
+177 623 641
+181 628 641
-182 448 462
-189 274 292
-193 335 363
+200 229 250
+215 365 395
-223 558 569
-242 268 281
+248 254 276
-261 413 431
+262 539 554
+277 585 622
-280 552 569
-281 228 243
+282 358 374
-285 442 453
-286 494 520
-288 330 356
+289 148 165
+291 218 230
+292 212 243
+294 489 511
+303 412 422
+304 648 665
-305 387 408
+307 182 206
+310 58 83
+311 330 350
-313 93 119
-318 481 494
-333 267 275
+336 241 250
-340 232 245
-347 631 637
-351 93 102
-365 204 232
+367 199 228
+368 180 206
+376 495 522
-380 603 622
-386 647 664
-390 257 276
+392 255 271
+393 93 105
-396 555 568
-399 308 324
-401 311 324
+408 91 101
+412 280 304
+416 531 548
-432 583 603
-433 493 510
+435 428 450
-442 148 163
+448 89 96
-449 337 363
+456 460 476
-457 241 257
-462 482 488
+465 82 91
+467 255 262
+477 190 211
+478 397 408
+480 315 329
+483 67 90
-486 654 665
+488 442 452
+489 166 184
+494 262 287
+496 235 246
-513 274 298
-514 606 628
-520 310 321
+521 474 510
-522 326 332
-523 363 394
+530 245 255
+535 47 60
+537 449 477
-546 55 73
+549 1 33
-555 233 243
+565 94 99
+566 365 389
-568 246 274
+579 630 639
+583 1 9
-592 569 603
-598 412 430
+614 639 650
-619 97 108
+621 649 664
-623 413 423
+624 372 395
+625 376 389
-628 503 528
-636 366 389
-639 422 443
+648 437 447
-649 280 286
+654 470 494
+656 473 487
-669 167 197
+684 292 321
+687 84 96
+694 268 276
+701 148 166
-705 241 250
-707 246 268
-709 335 357
+712 204 223
-715 452 490
-716 1 12
+719 608 628
+721 444 462
+722 186 202
-731 82 96
-732 528 535
+753 474 481
+762 460 479
-766 647 658
+770 329 356
+773 478 498
-780 149 166
-792 364 396
-793 522 545
-798 455 490
-801 44 59
-802 633 659
+803 444 453
+806 191 202
+808 655 668
-812 526 546
+832 390 408
+839 647 664
-860 332 346
-861 453 467
+862 414 426
-870 80 99
+876 218 234
+882 507 525
+885 156 165
-888 551 570
-889 637 647
+914 47 73
+933 319 326
+934 472 480
-936 64 85
+939 583 609
+960 493 511
-967 481 497
+968 71 100
-969 638 653
-978 630 642
+982 325 344
-988 32 53
+994 379 408
+999 247 272
-1000 598 605
+1005 497 511
-1006 448 461
+1008 241 255
-1009 253 270
+1011 262 276
-1017 253 267
-1018 443 457
-1019 238 259
+1048 243 250
-1049 100 120
+1050 391 397
+1063 638 664
-1067 244 261
-1068 446 464
-1072 413 451
-1075 277 304
+1076 464 509
+1080 210 219
-1082 70 93
-1083 644 666
-1088 186 192
-1092 262 269
-1095 222 254
-1096 1 7
+1098 467 480
-1101 136 162
+1105 59 80
-1106 82 93
+1114 92 102
-1117 324 376
-1119 78 93
+1123 108 126
-1125 573 583
-1126 82 96
+1133 448 466
-1139 54 88
+1143 473 489
+1147 332 354
-1148 350 365
-1156 521 526
+1157 364 384
-1158 550 556
-1164 655 670
-1169 618 632
-1171 159 177
-1185 192 211
+1187 169 198
-1190 154 199
+1193 244 258
+1201 647 659
-1208 640 663
-1209 227 239
+1213 270 291
+1216 89 99
-1230 145 161
+1232 453 467
+1243 538 554
-1247 330 347
-1248 561 590
+1250 441 457
+1251 487 506
-1258 414 454
-1264 662 669
+1274 374 395
+1284 266 275
+1286 412 433
-1288 481 508
-1293 487 506
-1301 166 189
-1304 60 84
+1309 308 319
-1310 246 275
-1317 160 166
+1319 604 622
+1328 414 431
+1330 1 11
-1346 246 267
-1353 232 239
+1354 147 209
+1362 532 548
-1364 107 134
+1365 49 70
-1367 106 140
+1369 113 147
-1371 73 93
-1375 241 255
-1378 649 667
+1383 106 137
+1391 504 515
-1395 487 505
-1402 154 191
+1406 630 642
+1408 318 326
-1411 587 608
+1412 550 560
+1416 508 534
+1429 254 271
-1431 154 176
+1432 460 472
+1439 267 276
+1446 598 614
-1449 365 389
-1450 121 144
+1451 250 259
-1453 558 599
+1454 32 43
-1455 323 328
-1456 605 620
+1464 585 605
+1466 25 44
-1467 6 33
+1468 335 358
-1475 128 174
-1476 375 398
-1477 623 642
+1484 347 367
-1503 644 663
-1506 546 569
+1508 320 328
+1511 412 423
-1517 154 168
-1524 299 304
+1529 80 93
+1533 643 667
-1536 507 516
+1537 487 521
+1543 148 168
+1553 568 575
-1563 154 163
-1568 69 99
-1569 309 328
+1585 244 261
+1594 60 78
+1604 155 168
+1605 332 364
+1607 118 147
+1610 318 331
+1619 144 159
+1620 563 577
-1625 358 366
-1630 533 556
+1634 191 204
-1647 308 319
+1658 573 588
-1659 223 275
+1666 609 628
-1671 486 509
-1675 228 234
+1678 355 369
+1679 469 489
+1685 653 660
-1687 82 99
-1693 330 358
-1695 618 633
+1701 144 165
-1703 327 347
-1716 56 105
-1720 444 457
+1728 97 126
-1730 80 99
-1732 259 267
-1738 538 557
+1755 639 661
+1760 637 664
-1762 345 364
+1770 451 466
-1771 414 427
-1776 520 547
+1783 450 462
+1785 125 145
+1811 210 241
-1819 245 260
+1820 607 620
+1821 89 96
+1826 421 443
-1834 481 520
-1837 590 614
+1839 365 396
-1852 436 447
+1854 154 184
-1869 229 244
-1882 479 484
-1890 469 489
-1896 49 60
+1899 550 570
+1904 561 600
-1908 606 628
+1915 54 85
-1919 569 590
+1920 412 443
-1925 246 291
+1930 233 241
+1931 66 90
+1934 329 358
-1939 622 638
-1943 387 407
+1952 58 70
-1966 157 187
+1970 547 560
-1974 294 303
+1976 640 655
-1984 638 647
-1989 281 304
-1990 654 665
+1996 412 431
-2000 655 675
-2001 634 639
+2006 503 529
+2027 158 167
-2037 476 489
+2039 244 267
+2049 58 71
+2052 182 211
-2055 433 449
-2057 338 372
-2071 313 325
+2073 288 303
-2081 308 323
+2083 573 594
+2100 325 338
+2101 652 661
-2102 459 472
-2110 427 443
+2112 429 437
-2123 413 440
-2129 243 258
-2134 515 535
-2137 594 629
-2139 89 110
+2140 371 408
-2142 1 16
+2146 69 88
+2149 227 245
+2152 481 511
-2155 94 109
-2156 604 614
-2160 568 583
-2177 665 682
-2181 220 233
+2186 211 223
+2203 329 336
+2204 87 97
-2212 356 371
-2215 244 255
-2219 489 508
-2232 45 64
-2233 250 269
+2242 230 245
-2243 228 239
-2249 187 206
-2273 547 557
+2279 337 358
+2280 250 269
+2284 118 142
-2286 529 552
-2287 1 12
+2291 326 332
-2292 440 461
+2298 507 524
+2303 606 644
+2305 325 364
-2308 1 31
-2309 73 96
-2340 454 474
-2342 452 465
+2343 428 464
+2345 476 497
+2347 148 165
+2351 436 466
-2355 82 96
-2359 452 476
+2363 229 241
-2365 551 560
+2368 110 138
-2377 146 162
+2379 647 663
+2381 89 97
-2386 640 653
+2387 313 323
-2392 318 332
-2394 443 451
-2399 499 519
+2400 538 557
-2404 125 145
-2405 486 510
-2408 366 396
-2409 245 260
+2417 280 304
-2424 214 233
+2441 244 287
+2442 329 344
-2445 545 576
+2447 147 163
-2449 275 292
-2456 330 348
-2462 145 164
+2464 581 604
+2470 308 318
-2471 166 211
-2474 562 574
+2477 372 395
-2480 618 635
-2485 176 213
+2492 139 162
+2495 650 659
+2500 156 184
-2504 187 205
+2505 330 337
-2506 329 358
-2514 45 78
-2516 412 423
-2518 510 523
-2521 414 431
+2527 647 664
-2528 422 443
-2531 77 92
+2532 412 431
+2533 618 636
-2541 528 552
+2544 267 277
-2547 467 480
-2549 458 472
-2551 470 490
+2552 335 355
+2553 452 466
+2563 311 324
-2565 640 664
+2576 488 511
+2582 270 286
+2584 330 349
+2586 243 256
-2588 660 667
+2596 637 664
-2599 329 347
+2601 1 7
+2602 335 356
-2603 450 462
+2604 507 516
+2608 527 548
-2611 458 472
+2612 530 554
+2620 280 304
-2621 609 622
+2622 339 358
+2627 630 639
+2629 428 465
+2630 345 365
+2640 325 332
-2651 412 422
-2665 339 351
+2666 620 636
-2668 146 174
+2670 89 97
-2673 411 421
+2674 581 608
-2678 324 339
+2683 93 100
-2687 82 88
-2688 408 414
-2689 276 303
+2702 530 548
-2709 582 605
-2712 562 583
+2723 470 486
-2726 55 88
-2730 411 431
+2734 197 213
-2735 550 569
+2738 45 58
+2739 495 510
+2740 258 268
-2742 633 649
+2745 344 363
-2747 500 515
+2752 227 240
-2754 335 358
+2755 335 350
-2776 345 356
+2784 78 101
-2786 604 622
+2799 288 297
+2800 262 274
-2801 620 627
+2809 329 345
-2811 210 223
+2821 58 87
-2825 54 70
-2828 558 646
-2832 120 168
+2833 223 241
+2841 147 190
-2845 211 237
-2846 379 406
+2850 648 665
+2856 271 277
+2861 84 96
-2867 95 116
-2887 255 277
+2892 162 174
-2894 315 327
+2895 442 460
+2897 187 213
+2902 8 32
-2905 120 144
+2908 448 472
+2913 25 44
-2914 41 56
+2916 648 663
+2918 28 44
-2928 636 648
-2932 56 69
-2934 246 275
+2935 615 638
+2957 326 332
-2965 268 274
-2968 650 660
+2969 522 535
+2977 204 229
-2978 372 397
-2980 71 88
-2991 455 469
-2998 59 67
-3000 308 320
-3010 2 30
-3014 347 364
+3022 229 235
+3025 246 276
+3026 269 292
-3027 558 576
+3050 367 408
-3051 490 511
+3061 551 559
+3064 85 99
-3066 190 206
+3088 86 96
-3089 444 482
-3092 669 683
-3099 648 663
-3103 557 569
-3121 110 125
+3126 117 138
+3127 1 16
-3134 181 227
+3135 483 525
-3137 166 198
+3138 244 263
-3142 308 329
-3151 270 303
+3159 644 675
-3164 647 665
-3177 119 182
+3181 188 218
+3184 330 355
-3186 411 446
+3188 628 639
-3190 411 446
+3191 1 55
+3194 421 445
-3195 59 83
-3196 526 552
-3197 428 483
+3200 73 92
-3203 428 443
+3206 556 569
-3207 538 560
+3208 7 30
-3209 590 614
+3210 349 379
-3212 6 13
-3213 308 313
+3214 89 105
+3215 309 329
-3216 411 432
+3219 590 619
+3220 647 664
+3221 563 583
+3226 155 214
-3227 599 606
+3228 228 269
+3230 607 683
+3240 66 119
-3241 147 167
-3246 428 446
+3252 243 250
+3253 381 408
+3257 632 648
+3259 211 231
+3262 608 645
-3264 412 426
-3269 308 319
-3276 590 623
-3278 457 498
+3279 387 408
-3280 246 272
-3281 466 494
-3282 664 683
-3289 585 615
+3293 632 642
-3294 87 96
+3295 64 80
-3296 641 662
+3298 212 259
+3303 311 324
-3304 99 137
+3306 154 211
+3313 106 138
-3318 515 551
-3322 638 664
-3324 32 55
+3326 159 190
+3330 457 497
+3331 576 599
+3332 638 667
-3334 329 365
-3340 487 521
-3341 411 432
-3342 426 451
-3344 487 511
+3347 660 665
+3348 182 189
-3351 615 635
+3352 632 665
+3358 413 432
-3364 215 226
+3375 638 654
+3376 484 500
+3378 259 276
-3383 412 431
-3384 538 551
-3391 379 408
-3392 45 60
+3394 412 450
-3397 46 68
-3399 573 603
+3400 163 190
+3402 189 243
+3404 8 52
+3405 327 344
+3407 411 443
+3408 214 243
-3410 231 241
+3415 28 60
-3418 335 367
+3420 632 655
-3421 665 683
+3424 546 557
+3426 83 93
-3436 442 452
+3438 128 159
+3440 345 364
+3445 166 226
-3447 374 398
+3456 55 70
+3460 182 240
-3461 142 163
+3462 434 467
+3464 550 598
+3475 319 337
+3478 272 304
-3480 159 220
+3482 609 627
-3483 50 84
-3488 311 336
-3489 234 256
+3490 412 444
+3492 662 683
-3495 243 269
-3496 153 186
-3505 133 149
+3510 561 603
+3523 89 102
-3525 315 376
+3527 90 106
+3528 7 29
-3532 622 683
+3535 325 357
-3542 429 479
+3546 310 326
-3547 308 321
+3549 176 198
+3551 320 328
-3553 412 422
+3554 100 106
-3556 411 443
+3557 432 449
+3560 632 649
+3561 243 261
-3563 555 563
-3565 476 508
-3569 411 443
+3570 209 261
+3576 2 16
-3580 319 349
+3584 411 455
+3585 454 486
-3588 348 374
-3590 452 472
-3591 629 646
+3595 73 113
+3596 467 509
+3602 73 91
+3605 231 245
-3611 25 73
+3612 411 444
-3614 605 635
-3617 322 328
-3622 366 405
-3626 546 554
-3630 147 165
-3634 89 107
-3635 414 455
-3637 365 406
+3638 555 583
+3640 9 28
+3642 476 503
+3644 507 525
-3648 85 99
+3650 308 328
+3654 583 646
+3665 387 397
-3673 641 670
+3674 313 328
+3675 165 220
+3676 411 426
+3686 499 527
-3687 570 606
+3688 282 304
-3691 325 364
+3693 411 421
+3696 630 643
-3699 599 618
+3701 328 348
-3703 320 329
-3706 628 660
+3709 587 631
-3716 649 675
-3717 366 408
+3718 575 608
+3720 464 494
-3723 275 292
+3724 464 480
-3725 319 326
-3727 311 321
-3731 622 630
-3734 495 509
-3735 313 336
+3746 553 569
-3750 478 500
+3754 451 467
+3755 662 670
+3756 94 133
+3763 464 509
+3765 623 637
-3768 266 286
+3769 266 275
-3771 449 473
-3773 417 462
-3779 321 329
+3785 327 375
-3792 311 319
-3793 530 556
+3794 346 392
+3795 320 343
-3797 450 480
+3803 518 548
-3824 328 367
-3831 448 464
+3836 411 441
+3839 1 9
-3844 364 376
-3845 468 511
-3852 313 332
-3855 376 405
-3870 144 165
+3872 428 444
-3876 562 585
-3892 189 213
+3896 504 520
-3897 637 648
-3898 215 233
+3900 635 649
+3901 1 33
-3905 413 451
+3908 59 89
+3913 440 451
-3917 128 165
-3931 411 428
+3934 277 304
-3938 470 494
+3943 70 97
-3945 260 282
-3952 3 31
-3957 647 667
-3963 413 429
-3966 20 50
-3969 462 480
+3973 72 99
-3974 339 373
-3979 383 408
-3983 587 646
-3985 93 106
-3991 451 484
+3992 559 590
-4003 622 638
-4007 525 551
+4008 59 93
+4010 507 525
-4013 468 486
-4017 505 526
-4018 246 276
-4019 93 102
-4029 546 568
+4030 484 524
-4031 559 590
-4032 69 89
+4033 85 102
-4038 588 605
-4039 277 298
-4042 550 605
+4043 155 186
+4044 620 683
-4045 575 622
+4046 166 215
+4047 607 664
+4051 358 391
+4056 191 213
+4057 198 226
+4062 574 608
+4069 107 137
-4082 546 557
+4088 311 358
-4089 465 487
+4106 618 636
+4122 308 344
-4129 433 481
-4132 628 654
+4136 59 120
+4140 518 555
+4142 311 321
+4144 634 646
-4145 335 388
+4149 618 636
-4151 230 247
-4153 444 494
-4154 95 105
+4168 102 113
+4169 546 568
+4170 203 227
-4172 140 160
-4179 244 268
-4187 243 256
+4200 539 648
+4202 72 118
-4206 308 398
-4208 93 106
-4213 510 551
-4214 323 337
-4221 647 662
+4232 97 125
-4234 330 363
-4237 1 40
-4240 585 609
-4251 211 232
+4263 268 304
-4267 607 629
-4271 642 669
-4272 365 408
+4280 523 554
-4282 155 211
-4289 228 243
+4292 350 393
+4294 480 538
+4295 499 553
+4296 637 658
+4297 166 204
-4298 33 90
+4299 411 426
-4301 553 568
-4302 322 357
+4303 563 598
+4304 364 394
+4305 372 408
-4306 325 355
+4307 369 408
-4310 40 55
+4330 89 102
+4349 311 326
-4353 145 168
+4356 72 90
-4360 202 223
+4361 427 473
-4362 467 490
-4363 345 364
-4365 528 548
+4367 665 675
-4368 229 243
-4370 95 119
-4371 648 665
+4378 669 683
+4390 257 275
+4409 95 106
-4414 590 619
+4416 227 241
-4417 478 490
-4419 107 125
+4420 434 461
+4429 411 430
+4435 428 451
+4440 550 569
+4441 330 366
+4442 522 551
-4443 335 363
-4444 523 568
-4448 354 396
+4451 442 469
-4453 44 70
-4454 152 166
-4472 413 428
+4473 473 486
+4495 1 25
+4496 639 661
+4503 365 391
+4506 411 432
+4512 428 446
-4516 569 583
-4522 308 325
-4525 241 255
-4529 490 518
-4532 485 511
-4533 321 356
+4536 364 397
-4542 604 644
-4551 422 459
-4553 469 539
+4555 1 73
-4556 511 530
+4562 20 44
+4563 380 408
-4567 204 234
+4568 261 280
-4569 315 330
+4570 605 639
-4571 202 236
+4573 380 393
-4576 600 633
+4577 97 119
-4580 652 682
+4585 649 669
+4592 427 461
+4601 78 127
+4604 174 206
+4610 45 79
-4622 365 408
+4623 139 154
-4624 244 268
+4627 585 605
+4631 558 650
+4633 315 330
+4634 234 253
+4644 56 65
+4653 40 58
+4654 59 73
+4661 1 20
+4666 389 408
+4668 411 453
+4674 637 661
+4676 2 14
+4678 412 442
+4682 144 159
-4683 642 654
+4684 481 510
-4685 515 548
-4688 28 56
+4690 1 20
-4695 184 227
-4696 210 232
+4703 469 509
-4715 154 189
-4720 473 490
+4736 227 244
-4739 460 509
+4741 560 594
+4744 330 358
+4748 411 437
-4749 493 525
+4763 318 327
-4771 71 92
-4781 607 661
-4786 464 484
+4799 311 327
-4801 327 339
+4803 445 467
-4814 157 187
-4817 661 683
+4819 500 545
+4827 623 660
+4828 155 198
-4829 244 268
+4832 120 154
+4833 364 408
+4841 499 535
+4842 262 297
+4857 568 583
+4861 209 262
+4862 531 569
-4869 244 269
+4871 381 406
+4872 517 535
-4874 52 73
-4876 309 321
-4878 598 619
+4879 344 368
+4880 664 675
-4884 54 73
-4885 191 211
-4891 322 364
-4892 313 332
-4896 412 446
+4898 485 524
-4904 272 288
+4906 222 233
-4908 206 236
+4912 631 664
-4913 319 328
+4915 309 323
+4917 388 408
-4922 80 105
+4923 73 93
-4928 45 70
+4933 31 50
+4941 449 464
+4943 376 405
+4949 336 358
-4972 599 629
+4974 329 367
-4975 109 141
-4980 664 683
+4984 347 408
+4986 664 683
+4991 94 105
-4995 539 560
-5002 516 528
-5004 357 408
-5006 552 570
-5007 50 64
-5010 440 493
-5011 561 577
+5012 214 250
-5013 169 215
+5015 308 319
-5019 607 652
+5022 337 358
+5023 319 325
-5026 582 606
-5028 107 137
-5031 204 240
-5034 603 630
-5038 413 427
-5040 635 653
-5041 331 355
-5050 499 528
+5051 322 328
-5053 412 446
+5054 321 343
+5055 56 83
+5058 308 330
-5071 227 245
-5077 117 181
-5079 411 449
+5081 94 110
-5094 233 245
-5095 2 25
+5096 330 374
+5103 234 245
-5104 1 25
-5106 413 442
+5107 204 222
-5110 468 486
-5112 192 239
+5113 276 304
+5115 214 244
-5116 485 533
+5117 530 554
+5120 133 163
+5122 144 168
+5125 411 426
-5126 365 387
+5127 411 430
+5128 452 472
-5130 451 486
-5132 210 227
+5134 663 682
-5136 308 326
-5141 91 102
+5142 608 636
-5143 363 401
-5144 437 471
-5150 244 267
-5157 166 184
-5158 665 675
-5162 244 258
+5163 323 344
+5164 665 683
-5165 144 257
+5177 269 303
-5181 233 246
+5183 435 443
+5189 575 622
+5197 649 663
-5202 452 507
+5207 311 323
-5209 263 282
-5212 568 580
+5213 478 500
-5215 487 520
-5218 516 552
-5222 551 583
-5230 507 538
+5233 461 484
-5238 553 569
+5239 631 646
+5255 347 391
-5257 478 507
+5259 313 390
-5288 176 209
-5289 413 428
+5301 118 141
-5305 144 165
-5314 448 486
-5316 494 506
-5319 14 73
+5323 515 534
-5328 647 665
+5334 422 457
+5336 58 90
+5339 488 507
+5342 604 644
+5344 310 328
-5345 329 363
+5353 371 395
-5355 644 662
-5367 308 397
-5368 331 347
+5369 107 124
+5373 240 253
+5377 60 105
-5381 588 609
-5382 484 520
-5390 308 318
+5392 532 557
-5393 345 389
-5403 380 397
+5416 243 286
+5422 526 550
-5423 188 205
+5427 497 532
-5431 490 525
-5432 411 423
-5433 28 49
+5436 548 558
-5438 46 73
-5440 639 662
-5441 183 206
-5452 599 630
-5456 446 464
+5457 319 326
+5469 308 344
-5472 635 647
-5475 117 141
+5476 236 253
-5495 630 649
+5503 187 267
+5508 221 261
+5513 327 408
-5520 659 667
-5523 214 243
-5525 214 240
-5526 154 189
+5532 609 655
-5534 648 667
+5535 106 120
-5536 222 235
-5543 186 211
+5544 354 381
-5545 234 261
-5547 461 500
-5550 154 176
+5555 546 583
+5556 32 52
+5557 634 648
-5559 311 322
+5562 99 113
+5567 639 648
+5568 347 389
-5571 320 329
+5573 371 395
+5575 587 606
+5577 268 275
+5593 53 154
-5610 118 154
+5613 241 304
+5615 266 276
-5617 515 530
-5624 11 31
+5626 411 450
+5628 81 93
-5629 78 102
+5632 237 275
+5633 209 223
+5636 322 337
-5640 383 401
-5645 105 138
+5646 270 292
+5648 42 82
+5650 522 558
+5653 237 253
-5654 529 558
+5655 445 476
-5656 570 605
+5658 477 510
+5663 548 559
-5672 639 662
+5679 627 683
-5688 91 127
+5696 236 254
-5698 453 497
+5700 422 443
+5707 630 646
+5710 209 227
+5712 183 227
+5722 365 408
+5725 551 570
-5726 214 253
-5730 638 660
-5731 97 119
+5732 84 95
+5736 607 634
+5737 648 664
-5738 120 165
+5744 426 446
-5749 329 355
-5751 448 467
-5752 467 480
-5753 411 421
-5765 426 459
+5768 1 43
-5799 411 437
-5800 545 554
-5801 648 667
-5802 539 576
+5811 561 589
+5819 412 430
+5820 311 326
+5823 113 141
+5824 44 69
+5825 210 236
+5826 350 408
+5829 320 345
-5833 412 431
+5835 189 223
-5836 428 446
-5838 29 80
-5842 321 335
-5843 606 620
-5844 83 94
+5845 493 518
+5846 254 275
+5847 139 145
-5849 411 426
+5856 33 64
-5862 255 271
-5871 480 530
-5873 8 44
-5878 411 429
+5882 562 621
-5883 411 436
-5885 148 197
+5887 267 286
-5889 139 174
+5900 140 153
+5902 619 635
+5904 376 397
-5905 1 50
-5912 523 551
-5915 387 408
+5919 218 236
+5920 176 246
+5923 161 190
-5924 343 381
-5927 308 321
+5928 332 367
+5932 526 548
-5933 631 663
+5935 51 73
+5936 101 120
+5939 480 535
-5942 429 451
+5943 635 646
+5945 411 423
+5947 650 683
-5950 308 328
+5952 590 605
+5958 166 192
+5959 371 398
+5961 538 554
-5966 120 144
-5969 118 165
+5970 523 583
+5971 573 607
+5972 426 476
-5973 321 379
+5978 187 204
-5991 337 363
-5992 476 490
-5999 244 272
-6001 308 328
+6002 615 670
+6006 387 408
+6010 640 669
-6019 469 522
-6021 516 583
-6022 539 561
+6028 261 272
-6031 642 683
-6032 230 243
-6036 366 408
-6039 327 337
-6040 16 40
-6046 34 66
+6048 243 253
-6049 56 95
-6050 395 407
+6053 221 241
+6054 423 443
-6055 241 259
-6056 346 380
-6058 241 254
+6059 214 233
-6061 330 347
-6065 358 395
+6066 133 190
+6071 412 423
-6084 480 516
+6089 213 243
+6108 228 242
-6112 188 227
+6113 166 188
+6114 125 189
+6120 1 16
-6128 30 64
+6130 222 241
+6131 444 469
+6135 559 586
+6136 233 255
+6138 367 398
-6150 467 486
+6152 365 395
+6154 244 258
-6156 212 226
+6157 645 682
+6160 375 389
-6161 81 105
-6162 426 446
-6164 411 436
-6171 263 286
+6173 270 299
-6181 165 180
+6185 548 583
+6201 411 426
+6203 145 176
-6219 318 369
-6225 188 223
-6232 635 659
+6235 444 459
+6242 411 476
+6243 99 106
-6249 511 538
+6252 327 351
+6257 493 545
-6260 318 355
-6263 452 476
+6267 547 553
+6268 245 269
-6271 89 102
+6280 310 318
+6281 335 358
-6289 607 634
-6292 308 346
+6307 464 481
+6321 649 683
+6331 547 562
-6342 538 562
-6343 379 408
+6344 623 642
+6349 29 58
-6352 603 628
+6354 91 105
-6355 445 467
+6356 59 96
+6358 32 66
+6359 92 102
-6368 550 560
-6369 8 33
+6372 562 583
+6375 270 281
+6389 238 246
-6401 142 155
+6402 665 682
-6405 504 528
-6410 555 576
+6422 598 661
+6423 457 494
-6432 389 408
-6436 622 650
+6438 272 298
-6443 328 363
+6448 523 552
+6450 344 389
-6451 516 551
+6459 270 304
+6460 213 243
-6461 505 523
-6462 245 258
-6463 58 73
-6464 436 484
+6468 85 119
-6470 327 344
+6471 106 138
+6472 402 408
+6474 120 176
+6477 436 461
+6479 645 665
-6481 199 215
-6483 530 548
+6490 148 190
+6491 32 46
-6504 608 642
+6506 630 664
-6509 258 297
+6516 82 113
-6517 313 324
+6519 529 560
+6520 570 603
+6523 185 223
-6525 162 180
+6532 73 102
-6547 455 472
-6551 308 339
+6554 422 446
-6556 552 577
-6559 535 558
+6562 550 583
-6564 155 188
+6565 234 274
+6567 454 476
-6569 73 107
+6572 511 547
+6577 568 589
-6579 444 464
+6582 227 241
-6598 649 664
-6606 411 464
+6613 562 580
+6618 411 433
+6620 517 535
+6628 326 355
+6629 315 328
-6635 227 246
-6643 639 654
-6644 635 660
+6645 213 247
-6649 46 88
-6655 82 105
-6657 436 449
-6659 310 343
-6662 585 609
+6671 527 551
+6675 218 243
-6676 458 476
+6678 227 250
-6681 311 326
+6683 560 583
+6684 203 229
+6686 600 618
-6690 107 137
-6699 212 258
-6720 481 521
+6721 443 464
-6731 483 532
-6733 128 160
-6735 109 125
+6739 270 277
-6746 526 548
+6755 9 52
-6761 504 520
+6767 426 443
-6769 467 504
-6772 411 432
+6773 487 516
-6775 315 329
-6776 268 276
+6780 411 422
-6786 116 154
-6788 469 485
-6789 272 300
-6793 411 440
-6794 647 652
+6798 93 102
-6805 246 257
+6821 227 261
+6830 534 568
-6839 411 423
+6841 371 408
-6843 153 176
-6846 495 523
+6847 448 476
+6854 46 90
+6857 574 609
+6858 326 332
+6860 146 168
+6862 274 303
+6866 71 92
-6868 648 666
+6877 569 583
-6893 153 228
+6899 232 300
-6912 311 345
+6913 56 79
+6918 505 560
-6925 569 583
-6927 444 469
+6936 16 32
+6937 507 548
+6939 60 91
+6941 620 662
-6943 229 268
-6944 413 446
+6946 89 113
-6947 241 261
+6953 603 647
+6954 227 262
-6955 212 250
-6959 318 335
-6962 243 257
-6963 73 101
-6965 90 105
-6967 259 275
+6968 267 297
-6972 546 563
+6974 598 609
+6978 127 162
-6979 308 326
+6981 189 220
-6984 241 261
+6985 349 375
+6990 11 46
-6994 546 568
+6997 85 102
-7008 199 223
+7011 510 546
-7012 411 434
-7013 152 203
+7018 529 550
-7019 97 113
+7020 153 190
-7022 184 220
-7025 412 443
-7028 346 392
+7029 268 304
+7032 243 268
-7034 101 145
-7041 550 569
+7044 56 73
+7046 53 66
+7047 433 444
-7051 426 465
-7065 482 497
-7070 411 423
+7071 470 526
+7075 569 588
-7078 204 230
+7092 563 580
+7094 526 553
+7097 558 570
+7100 94 138
+7101 476 494
+7105 67 79
-7106 140 163
+7107 58 88
+7108 319 326
+7117 320 326
-7125 444 460
-7148 33 59
+7149 453 479
-7150 510 524
+7151 371 408
+7160 185 202
-7163 609 645
-7174 253 274
+7179 582 622
+7180 453 510
+7185 550 570
-7186 99 107
+7187 575 608
-7191 429 454
-7193 258 274
+7197 145 162
+7198 374 402
-7199 637 664
-7202 97 113
-7204 67 94
-7206 474 493
+7207 628 644
+7209 600 615
+7217 609 636
+7240 493 551
-7244 83 96
-7246 569 605
-7247 97 119
+7248 330 337
+7257 155 168
+7260 654 664
+7272 93 102
+7284 388 408
+7289 191 227
+7294 240 300
-7301 1 35
+7305 141 192
+7306 1 15
+7311 66 90
+7313 44 102
+7317 638 664
+7323 211 244
-7325 243 292
+7328 243 256
-7330 667 683
+7332 569 587
+7335 507 539
+7337 227 258
+7340 271 304
-7341 358 373
+7350 158 192
-7353 640 664
-7354 324 345
+7355 282 304
-7358 413 429
+7359 254 271
-7362 213 231
+7363 411 427
+7364 54 78
+7365 589 614
-7375 182 206
-7379 1 33
+7384 411 432
-7387 557 568
+7388 606 622
-7389 152 163
-7399 347 380
+7400 607 644
+7402 121 152
-7403 227 245
+7407 155 188
+7415 188 234
-7420 603 628
+7441 569 628
+7443 174 239
+7447 455 485
+7450 153 165
-7455 1 25
-7459 538 551
+7462 389 408
+7467 46 96
+7470 339 365
-7472 411 417
-7474 144 154
-7476 590 629
+7480 487 510
+7485 371 406
+7495 312 325
+7498 160 190
-7521 185 206
-7523 270 297
+7525 174 192
+7527 531 568
-7528 95 105
-7532 412 457
+7535 138 162
+7540 107 137
+7548 182 226
+7555 622 659
-7558 368 388
+7565 387 408
-7571 154 169
-7572 270 292
+7575 60 106
-7579 446 463
+7581 488 526
-7583 433 470
+7586 603 642
+7588 229 259
+7589 662 682
+7590 348 408
+7593 355 397
+7597 627 658
+7604 530 548
-7605 211 241
+7606 67 89
-7608 381 408
+7610 163 192
-7612 670 683
-7631 311 321
-7663 174 209
+7675 154 198
+7676 510 534
+7678 346 369
+7689 453 477
+7692 90 99
+7694 78 96
+7696 454 473
-7699 94 101
-7703 206 227
-7706 638 659
-7707 324 366
-7708 640 665
+7712 411 467
+7715 455 480
+7720 428 451
-7723 261 275
+7726 92 105
+7728 530 548
-7729 261 275
-7730 482 495
+7731 495 520
-7734 256 288
-7739 8 49
-7741 89 101
-7742 376 408
-7743 176 197
-7744 237 261
+7745 101 138
-7747 662 682
-7752 212 228
-7763 465 494
-7764 78 99
-7765 329 363
-7789 1 59
-7796 105 140
-7806 262 281
-7811 186 211
-7813 639 649
+7818 97 105
+7819 55 77
-7820 47 57
+7821 658 667
+7824 250 291
-7825 630 642
-7827 487 506
+7828 663 683
-7831 603 654
+7834 574 635
-7837 412 431
-7839 669 683
+7844 240 266
+7846 658 667
-7847 442 459
+7851 229 262
-7852 30 45
-7856 413 428
+7858 517 539
+7862 471 486
-7863 558 583
+7865 605 628
-7871 259 275
+7888 479 538
+7890 569 609
+7891 106 141
-7893 228 272
-7905 60 105
+7907 660 683
+7912 445 476
-7924 411 426
+7925 628 664
+7929 321 338
-7931 206 228
+7932 133 174
-7936 555 569
-7942 267 288
+7946 321 332
+7949 411 426
+7956 93 106
+7960 411 421
-7962 412 446
-7963 326 336
-7965 1 12
+7966 6 31
-7968 569 609
-7969 154 166
+7971 411 428
+7974 631 648
+7975 58 77
+7984 444 474
+7987 218 240
+7989 29 60
-7997 363 379
-7998 357 369
+8007 309 387
+8013 550 563
+8014 650 664
-8019 641 667
-8027 95 105
+8041 206 228
+8057 428 450
+8068 93 118
+8072 650 664
-8082 67 93
+8083 97 141
-8086 629 648
-8095 97 106
-8099 365 394
-8100 455 469
+8101 444 459
+8102 637 662
-8104 106 121
-8105 169 204
-8106 55 83
+8107 659 667
+8108 159 185
+8110 257 276
+8111 364 408
+8113 308 326
+8114 480 530
-8120 308 324
+8126 367 387
+8129 411 431
+8130 230 250
+8131 427 452
+8135 211 236
-8137 585 608
+8140 467 480
+8142 322 327
-8152 106 147
-8156 244 254
+8172 382 407
-8173 606 622
+8180 245 261
+8185 380 408
+8186 442 453
+8201 162 188
-8206 620 648
+8207 529 547
+8216 192 232
-8218 558 569
-8220 569 583
+8230 189 218
+8231 639 665
-8234 444 482
-8237 481 511
-8243 570 606
-8249 246 260
-8250 335 358
+8251 322 349
+8253 77 102
+8254 517 551
+8256 411 437
+8257 321 332
-8267 322 331
+8268 527 547
+8283 576 620
+8304 369 408
+8309 1 46
-8313 444 471
-8328 412 464
+8336 180 198
+8337 319 325
+8338 119 183
-8339 327 408
+8343 607 663
+8344 365 376
+8345 40 72
+8346 140 220
+8348 558 569
+8352 9 66
+8354 476 524
-8357 95 106
+8359 413 451
+8361 585 605
-8362 142 183
-8364 468 488
-8372 365 382
+8377 623 648
-8379 67 78
-8382 428 450
-8383 198 211
-8384 97 106
-8386 145 163
-8388 186 211
-8408 462 476
+8426 480 523
+8430 552 583
+8447 585 609
+8449 270 291
+8452 60 119
+8455 462 476
+8457 210 253
+8461 635 655
+8462 461 476
-8463 244 254
+8469 204 235
-8470 433 488
+8471 347 368
-8472 258 275
-8476 53 87
-8478 554 574
+8485 649 669
-8487 16 46
-8491 637 662
-8495 448 471
-8511 640 654
-8515 106 166
-8525 325 332
-8535 555 607
+8540 245 260
-8545 443 464
-8553 72 109
+8556 1 20
+8558 411 446
+8562 325 358
-8564 594 607
+8567 647 664
+8568 570 614
+8570 209 240
-8571 180 212
-8575 97 106
-8576 82 99
+8578 136 159
+8586 547 583
-8588 510 535
-8589 212 227
-8599 600 623
+8603 637 662
+8604 60 92
-8606 330 358
-8628 411 443
+8629 101 168
+8630 546 609
-8631 635 649
-8632 479 547
+8636 244 255
-8640 524 561
-8647 8 45
+8648 412 450
-8649 191 212
+8655 517 551
-8659 456 484
+8662 568 607
+8672 545 559
-8673 437 460
-8675 93 108
+8678 140 169
-8686 308 318
-8695 356 408
+8697 493 547
-8698 55 93
-8699 59 85
-8701 357 401
-8705 411 440
-8707 486 526
+8713 274 286
+8714 481 497
-8717 188 210
+8718 166 184
+8733 106 124
-8735 388 395
-8736 71 105
+8738 267 304
-8743 639 667
-8753 561 574
+8757 494 511
-8758 472 508
-8759 552 582
+8761 569 583
-8766 485 507
+8769 640 662
+8770 357 408
-8778 198 213
-8780 221 256
+8783 411 435
+8784 105 113
+8790 83 99
+8792 46 69
+8797 622 663
+8798 212 234
+8801 32 52
+8803 499 525
-8806 550 563
+8809 89 95
+8812 530 561
+8819 174 220
-8820 470 509
+8832 663 683
-8837 128 154
+8839 604 618
-8850 276 297
+8851 339 358
+8852 100 110
+8853 89 137
-8854 308 318
+8877 632 643
-8886 411 452
+8893 484 550
+8895 380 408
+8900 558 575
-8910 481 523
+8912 485 520
+8915 41 72
-8916 1 33
-8934 175 234
+8937 455 476
-8941 495 530
-8953 1 25
+8954 444 469
-8955 643 663
-8961 220 241
-8962 467 482
+8968 199 211
+8973 145 227
-8974 330 356
+8983 2 42
+8993 343 366
-8995 209 227
+9003 569 583
+9005 472 483
-9007 145 176
-9008 148 168
+9012 205 234
-9014 183 204
+9018 34 54
+9019 161 176
+9023 645 654
-9031 147 227
+9032 638 654
+9033 1 28
-9035 465 485
-9036 568 615
+9037 365 397
-9038 183 206
+9040 412 453
+9041 550 563
+9042 267 294
-9044 462 480
+9045 411 449
-9047 644 664
+9050 202 221
+9053 432 458
-9054 635 667
+9058 322 335
+9060 411 427
-9061 411 422
-9065 637 648
+9067 218 250
+9070 569 590
+9071 344 364
+9072 411 428
-9073 422 458
-9074 40 59
-9092 464 505
+9100 473 551
-9106 107 138
-9113 191 222
-9139 72 94
+9143 89 105
+9148 256 275
+9150 411 437
-9152 379 396
-9156 166 204
-9157 376 397
+9158 245 271
+9163 445 488
-9166 254 274
+9175 167 202
+9184 553 568
-9193 546 552
-9214 8 47
+9222 600 636
-9226 19 43
+9229 448 505
-9232 327 345
+9234 262 274
-9235 212 234
-9240 93 110
-9241 608 675
-9242 568 599
+9259 185 206
-9267 210 241
-9269 212 243
+9272 450 472
-9273 78 97
-9275 15 58
+9276 467 520
+9279 411 426
-9282 332 358
+9283 354 369
+9284 649 663
-9285 1 31
+9289 32 77
+9292 467 510
+9293 155 192
+9299 538 558
+9315 433 452
-9319 64 96
-9320 272 300
+9325 509 550
+9334 534 562
-9335 664 683
-9337 319 328
-9340 337 358
-9341 364 408
+9342 149 168
-9345 459 472
-9346 233 245
+9351 1 90
+9362 189 235
+9369 55 94
-9370 570 583
-9373 411 429
-9375 330 357
-9377 162 187
-9383 551 569
+9384 479 500
+9385 1 42
+9386 379 408
-9387 510 533
+9389 554 583
-9390 25 69
-9395 60 93
-9396 153 189
-9398 433 457
+9405 467 480
-9420 412 443
+9431 1 50
-9447 312 323
-9453 639 663
-9458 91 118
+9461 553 594
+9463 379 408
-9464 411 473
-9470 559 581
-9473 633 662
+9475 108 168
-9477 174 206
+9478 599 648
-9480 603 644
-9481 106 124
-9485 30 46
+9491 84 105
+9492 630 663
+9493 25 58
+9496 256 288
-9508 53 86
+9509 261 268
+9513 505 526
-9515 555 570
+9517 262 288
-9519 332 356
+9528 454 525
-9529 191 211
+9534 411 423
-9546 315 345
+9547 413 423
+9550 413 421
+9551 437 524
-9553 551 594
+9555 311 379
-9565 411 428
+9566 221 236
+9576 618 636
+9577 72 99
+9579 140 164
+9581 227 276
+9583 227 241
+9585 234 269
-9586 59 89
-9592 421 473
-9593 51 71
-9596 46 91
-9600 155 161
-9601 559 604
+9604 190 210
-9605 516 547
-9610 349 370
+9611 89 97
-9613 433 459
+9617 421 443
+9619 345 381
+9629 202 241
-9653 628 639
+9658 642 660
+9659 338 367
+9661 309 321
-9663 476 507
-9669 182 227
-9671 308 329
-9672 308 332
+9674 474 488
+9676 261 276
+9677 489 515
+9684 414 452
-9686 28 82
-9690 412 427
+9694 95 137
+9724 534 552
-9730 236 245
+9749 618 647
+9755 534 570
-9758 464 493
-9761 490 509
+9765 97 109
-9768 184 198
-9769 646 668
-9770 637 648
-9771 32 66
+9773 638 662
+9774 45 92
+9776 327 382
-9782 428 452
+9783 1 51
+9784 233 245
-9785 469 486
-9788 435 473
-9789 462 480
-9790 54 80
-9791 638 661
+9794 89 102
-9796 327 335
+9799 81 95
-9800 515 549
+9803 381 408
-9804 162 191
+9805 246 268
+9819 511 557
-9834 52 77
+9838 309 328
-9842 629 649
+9852 620 654
+9858 245 256
-9859 358 408
-9861 308 335
+9863 489 510
+9866 570 598
-9868 664 683
-9870 31 59
+9874 452 469
-9877 118 143
-9880 561 598
+9884 254 277
+9885 615 631
+9887 29 73
+9889 460 488
+9890 313 329
-9891 330 365
+9897 433 450
+9905 324 408
-9916 631 650
-9924 618 629
-9925 134 145
-9927 67 96
-9935 461 486
+9936 344 379
-9937 440 455
+9939 587 647
+9942 484 557
+9944 95 106
-9946 529 547
-9955 244 267
+9956 3 30
+9957 484 554
-9961 186 239
+9966 659 667
+9967 482 530
-9968 325 355
+9971 636 669
-9973 46 73
-9974 189 211
+9977 561 609
+9978 429 460
-9979 637 653
+9982 426 444
-9983 547 583
+9985 531 558
-9987 515 538
+9989 575 609
+9991 67 97
+9993 228 244
+9994 322 345
-9998 444 462
-10000 86 97
+10025 308 327
+10026 260 288
-10028 96 113
-10036 308 327
-10044 84 106
-10050 413 436
+10052 259 269
-10054 587 618
+10055 6 66
+10057 244 261
+10061 231 244
-10063 356 367
+10066 138 160
+10071 309 323
+10073 568 583
+10080 229 268
-10081 494 529
-10082 244 266
-10084 423 445
+10102 411 427
-10106 308 326
+10113 649 683
-10115 485 548
+10128 260 274
-10134 465 507
-10135 93 154
+10146 93 99
-10148 622 638
+10160 453 471
+10162 445 461
-10171 569 583
-10172 522 545
+10173 448 477
-10177 157 175
+10182 100 110
+10184 573 607
-10185 345 380
+10186 653 664
-10189 436 454
+10192 367 376
+10198 573 595
+10200 647 664
-10209 441 464
+10211 432 451
+10214 60 73
+10216 533 557
-10224 429 465
-10229 595 618
-10236 645 683
-10241 474 533
-10246 367 406
+10251 531 562
+10253 155 168
+10258 272 304
-10259 411 423
+10263 235 292
+10265 489 509
-10272 262 274
-10283 97 136
-10285 534 557
-10290 421 446
+10291 70 90
-10294 55 94
+10297 659 670
-10300 444 472
-10301 311 327
-10304 417 434
-10309 590 619
-10310 454 483
+10317 558 581
-10326 633 643
-10328 308 318
+10329 411 430
+10333 494 507
-10335 199 219
+10351 149 165
-10352 411 462
-10353 142 154
-10362 414 462
-10366 222 256
+10367 261 269
-10371 548 580
+10375 230 254
+10376 525 545
+10378 529 548
-10379 166 233
-10380 308 329
+10381 67 106
-10386 643 667
-10393 460 472
+10401 199 229
+10406 546 569
+10407 665 683
+10408 9 32
-10409 263 277
-10417 70 92
-10422 315 337
+10425 478 488
-10426 16 59
+10428 344 365
-10429 615 638
-10432 411 428
-10433 9 44
-10437 90 105
-10439 655 664
-10441 414 428
-10446 569 595
-10451 636 648
-10452 323 332
+10465 570 631
-10466 109 138
-10471 411 465
-10475 322 371
+10487 154 186
+10489 655 664
+10506 603 636
+10512 411 458
+10513 605 636
-10522 367 380
+10531 85 96
-10538 598 620
+10541 499 525
-10542 411 431
-10548 481 524
+10554 449 479
+10557 436 453
+10568 228 243
-10571 411 422
+10574 313 323
-10586 233 268
-10602 444 454
+10609 60 73
-10612 582 619
-10614 166 229
+10618 380 408
-10627 568 587
-10634 105 157
-10640 522 551
+10642 83 94
+10662 411 422
+10663 156 204
+10671 1 31
-10681 272 286
+10683 452 460
+10688 411 426
-10691 665 683
-10697 558 573
+10704 109 134
+10709 227 240
-10718 308 319
-10719 608 664
-10728 199 229
-10757 322 348
+10758 64 108
-10759 443 457
-10761 458 472
-10771 50 73
-10772 452 499
-10777 618 637
+10779 412 463
+10787 29 68
-10790 607 662
+10792 650 675
-10793 93 102
-10795 274 304
-10799 192 211
-10802 325 332
-10803 70 92
-10808 598 620
+10809 379 408
-10810 153 168
+10813 620 663
+10816 640 665
-10817 244 269
-10819 246 261
+10824 320 336
-10825 328 357
-10827 511 533
+10831 444 459
-10843 426 460
-10844 637 662
+10845 442 467
+10846 28 55
-10851 25 69
+10860 1 73
-10861 489 605
+10875 534 568
-10880 428 453
+10884 532 605
+10891 368 406
-10892 256 272
+10898 526 553
+10901 203 255
-10902 390 407
-10914 412 428
+10915 411 423
-10917 433 459
-10920 263 291
+10925 346 374
-10935 259 282
-10940 328 363
-10947 376 408
-10954 277 304
-10967 133 175
-10969 68 146
+10979 91 119
+10980 93 106
+10981 46 70
-10986 594 638
-10991 29 46
+11011 336 363
+11022 561 580
+11032 233 253
-11034 12 50
+11037 647 663
+11038 412 443
-11040 321 330
+11047 78 102
-11049 324 369
+11051 446 480
+11052 3 13
+11055 256 288
-11057 321 327
-11061 387 408
+11065 461 486
+11066 191 206
-11067 560 587
-11071 580 606
-11073 550 568
-11075 262 275
+11093 454 478
-11095 450 485
-11097 227 241
-11098 545 557
+11100 160 189
+11107 411 430
-11109 470 551
+11112 414 478
+11114 165 192
+11118 587 635
+11120 277 282
+11121 629 650
+11122 136 159
-11125 327 364
-11127 155 199
-11128 213 240
-11130 227 268
-11137 240 274
-11140 387 407
-11141 245 255
-11145 459 473
+11148 570 619
+11149 1 33
+11153 664 670
+11156 411 446
+11162 637 649
-11166 649 665
-11167 121 145
-11171 413 462
-11174 421 454
+11176 522 533
+11179 222 250
+11180 517 546
+11183 411 436
+11191 603 622
-11193 330 354
-11195 609 623
+11205 528 557
+11206 276 286
-11207 428 446
+11212 372 397
-11218 411 428
+11224 322 336
+11231 473 498
-11241 483 510
-11279 550 583
-11281 568 586
+11284 89 101
+11292 481 532
-11293 272 300
+11295 524 553
-11299 628 660
-11303 120 161
-11309 618 646
+11316 128 154
-11320 412 427
-11322 503 538
+11323 428 459
+11324 241 254
+11327 47 69
+11328 368 397
-11329 427 449
-11345 245 272
-11346 411 460
+11348 268 276
-11363 140 154
+11390 338 371
-11391 308 321
-11393 606 638
+11398 89 102
-11402 412 428
-11408 272 288
+11411 520 538
-11413 45 67
-11414 8 29
-11417 315 332
-11418 308 354
+11419 313 337
+11422 494 519
-11423 3 33
+11426 603 621
+11427 182 206
-11428 350 375
+11429 182 198
-11430 100 143
+11431 53 93
+11432 1 41
-11434 15 32
-11436 174 190
-11439 554 583
-11444 655 670
-11465 325 367
+11466 148 162
+11468 473 486
+11469 464 525
+11471 369 408
+11477 154 241
+11480 664 683
-11483 53 119
-11485 583 630
+11499 539 557
-11509 641 659
+11534 440 452
-11539 101 138
+11541 622 637
-11546 78 96
-11551 485 511
+11554 42 66
-11555 311 326
+11557 603 636
-11561 538 553
+11562 236 243
-11563 189 209
-11564 160 202
-11565 429 459
-11567 165 221
+11568 545 583
-11573 448 487
-11574 267 300
+11575 311 319
-11577 311 344
-11579 604 631
+11583 69 96
+11586 664 670
+11587 452 472
-11591 411 426
+11594 367 395
-11599 28 46
-11610 600 609
+11611 160 253
-11614 107 143
+11619 70 106
+11626 452 472
-11628 95 137
+11630 330 365
+11632 411 430
+11633 211 227
-11634 322 344
-11639 350 369
+11640 628 638
+11642 551 636
-11654 308 320
+11656 652 662
+11658 642 654
-11660 55 92
+11661 140 215
+11667 125 148
+11670 20 52
-11671 412 429
+11673 241 288
-11674 1 32
-11677 246 261
-11679 660 669
+11680 411 423
+11683 479 507
-11685 1 42
+11686 210 241
-11687 631 642
-11690 444 465
-11692 322 347
-11695 522 548
+11696 20 49
+11700 166 199
-11708 203 227
+11721 509 526
+11722 615 636
-11725 486 551
+11735 322 328
-11741 552 599
-11748 212 232
-11765 212 227
+11766 83 126
+11767 184 206
+11771 211 245
-11772 411 423
+11778 1 53
+11784 93 108
-11786 411 428
+11790 379 405
+11793 510 525
+11795 534 548
-11799 120 154
+11807 223 239
+11808 214 245
+11809 182 214
+11813 463 486
+11815 309 320
-11823 113 136
+11834 448 461
+11846 167 203
+11851 89 96
-11875 637 648
-11885 526 551
-11900 227 240
+11902 474 504
-11903 89 99
+11904 631 667
-11910 347 369
+11918 653 670
-11924 607 652
-11926 635 660
+11928 646 665
-11931 546 569
+11932 628 648
+11934 9 41
+11937 320 339
+11939 413 451
-11947 54 82
+11953 648 663
-11965 464 484
-11975 607 643
-11979 620 659
-11998 552 563
-12000 484 508
-12013 665 683
-12014 148 182
+12016 106 157
-12018 603 622
-12020 28 50
+12032 482 559
+12036 647 660
+12039 97 119
-12040 630 646
-12042 650 667
-12045 105 139
-12047 467 498
-12048 411 467
-12053 487 509
+12054 73 102
+12066 223 246
-12067 161 187
-12070 510 538
+12081 275 292
+12095 204 262
-12099 554 570
+12103 156 174
+12112 84 96
+12144 355 408
-12162 504 563
-12165 308 321
-12175 1 14
-12176 49 78
+12177 451 472
-12184 606 641
+12187 310 324
+12188 411 451
-12189 524 547
-12191 308 327
-12196 640 646
+12198 368 408
+12200 379 408
-12201 78 96
+12203 332 366
+12204 204 234
-12211 330 345
+12221 117 162
+12241 277 304
+12249 369 375
-12251 325 356
+12255 168 202
+12257 574 605
-12258 308 366
+12260 50 77
-12270 134 159
-12275 244 275
-12276 426 448
+12279 531 552
-12283 413 437
-12285 444 472
-12302 412 440
-12303 529 551
-12307 478 509
+12310 60 94
+12311 644 664
-12316 7 41
+12319 174 212
-12320 603 622
+12321 509 538
-12322 236 253
+12325 227 245
-12326 387 408
+12327 325 332
+12330 81 93
-12336 494 511
+12338 526 549
+12340 227 261
-12355 1 89
-12357 6 46
-12359 518 576
-12365 368 375
+12379 607 629
-12380 41 106
+12382 444 460
-12386 355 381
-12397 411 460
-12402 280 304
-12403 91 107
-12408 433 462
-12414 58 89
-12416 573 615
-12419 478 510
+12423 631 658
-12427 233 246
+12439 449 467
+12440 227 243
+12450 327 332
-12456 232 243
-12465 154 167
-12481 487 511
+12491 652 662
-12494 212 231
+12495 221 244
+12503 411 423
+12504 548 559
+12506 60 89
+12516 1 25
+12518 322 356
+12521 552 560
-12522 146 188
+12523 277 304
-12526 631 653
-12528 231 245
+12547 330 395
-12548 450 504
+12574 308 324
+12576 411 421
+12582 1 88
-12588 117 126
-12593 78 96
-12594 55 96
+12597 85 138
+12599 1 49
+12602 444 454
+12609 168 206
+12613 487 525
-12615 89 105
+12616 411 443
-12617 345 375
-12618 349 408
-12623 324 344
+12624 463 481
-12625 546 557
-12626 89 102
+12629 147 176
-12630 487 507
-12631 453 486
-12633 347 374
+12635 508 538
-12637 473 496
-12638 618 639
+12639 153 165
-12641 414 427
+12647 411 440
+12653 256 270
+12673 451 470
+12679 259 304
-12684 376 402
-12685 244 250
+12686 138 154
-12697 604 630
-12702 268 281
-12705 309 323
+12706 568 575
+12710 471 499
+12716 33 55
-12717 445 481
-12720 598 618
-12722 274 304
+12725 411 437
-12726 136 160
+12731 324 336
+12751 145 168
+12752 482 500
+12778 332 393
-12783 160 211
-12789 456 472
+12799 367 408
+12805 185 214
-12806 511 535
+12808 453 481
+12810 515 548
+12813 411 444
-12814 322 343
-12817 515 530
-12827 16 49
-12829 450 472
-12838 246 275
-12839 148 168
-12842 631 647
-12843 243 256
-12847 632 646
-12851 332 356
+12852 256 304
-12857 243 253
-12858 569 615
-12859 558 583
+12862 496 546
+12870 539 557
+12879 60 102
-12884 189 209
+12888 618 639
+12894 539 557
-12899 319 387
+12900 615 648
-12901 607 646
+12906 9 32
+12909 413 432
-12910 445 469
-12914 422 442
+12917 574 603
-12921 528 558
+12923 531 560
-12925 449 464
-12929 105 133
-12932 569 587
-12934 28 46
+12935 275 288
+12936 337 358
+12938 583 599
-12947 440 457
-12951 308 320
+12956 58 78
-12970 230 253
+12971 32 56
+12973 553 569
+12975 606 643
+12976 445 464
+12977 620 644
-12983 380 397
-12984 77 90
+12985 430 497
-12986 411 431
-12989 511 533
+12992 557 600
+12993 320 326
+12994 587 609
-12999 95 144
+13007 500 511
-13008 93 99
-13014 632 645
-13015 234 254
+13016 505 555
+13017 658 664
-13018 599 639
+13025 440 458
-13036 91 99
-13046 308 358
-13048 481 497
+13055 460 478
-13059 570 606
-13060 519 534
+13066 669 683
+13068 429 453
+13071 411 486
-13076 533 614
-13078 144 161
-13079 270 300
-13081 308 321
-13084 487 524
+13085 336 406
-13086 372 408
-13090 552 563
+13091 363 390
-13098 203 236
+13099 411 435
+13106 140 199
+13107 608 662
+13108 440 469
+13118 647 665
-13119 190 209
-13122 46 91
+13123 637 652
-13124 570 615
-13128 462 500
-13130 411 434
-13138 526 548
+13140 310 321
+13146 380 408
-13153 156 182
+13154 667 683
-13158 155 197
+13160 628 655
-13161 153 168
-13162 40 64
-13164 487 511
-13175 650 664
-13177 365 408
+13181 639 648
+13199 67 83
+13206 176 239
+13218 218 227
-13234 433 476
-13238 60 89
-13240 507 535
-13245 413 464
+13248 28 69
+13249 105 113
-13254 551 570
+13258 116 144
-13262 268 292
+13263 411 431
-13264 555 590
-13266 346 395
+13267 638 648
+13273 640 663
-13299 520 529
-13302 429 480
+13303 67 126
+13306 153 175
-13312 522 547
+13315 246 269
-13317 80 105
-13318 318 355
+13327 1 34
-13329 211 243
-13333 234 256
-13336 493 520
-13337 435 454
+13345 648 670
+13349 426 443
-13350 260 288
-13354 77 96
-13358 323 351
+13359 472 495
-13360 314 327
-13364 375 408
+13366 46 79
+13370 411 455
+13372 332 356
-13373 308 329
-13374 267 280
+13376 210 234
+13380 12 45
-13381 648 669
+13393 168 175
+13419 1 30
-13420 645 664
-13430 73 125
-13435 139 163
+13440 119 156
+13466 20 53
+13474 372 398
+13492 387 408
-13498 72 93
-13500 327 363
-13503 546 560
+13504 523 546
-13508 246 263
-13514 221 237
-13522 262 272
-13523 99 143
-13525 330 364
+13530 270 276
-13551 444 456
-13572 440 465
+13574 423 486
-13575 642 667
+13592 44 70
-13605 600 619
+13606 637 654
+13618 97 106
+13624 347 379
-13627 349 406
+13628 623 639
-13633 449 465
-13634 531 580
-13637 631 646
-13643 120 149
-13644 261 281
+13645 648 675
+13646 144 165
-13647 89 99
-13649 229 238
+13652 218 244
-13657 563 583
-13659 464 479
-13661 277 300
+13662 228 245
+13670 34 60
+13671 357 382
+13672 345 371
-13675 97 105
+13676 585 637
+13679 308 329
-13680 70 95
-13682 460 486
+13686 87 105
+13687 553 575
+13700 637 646
-13714 218 243
+13724 259 272
-13725 1 32
-13726 411 500
+13727 650 683
+13732 348 373
-13733 240 258
-13737 637 649
-13745 344 383
+13748 209 271
-13750 187 227
+13754 622 639
+13757 623 646
+13763 486 509
-13765 393 408
-13772 107 144
+13773 1 32
-13775 446 454
+13778 46 70
-13784 658 667
+13789 308 325
-13799 552 557
+13802 648 669
-13805 85 96
-13810 649 667
-13844 423 443
-13845 154 183
+13846 2 32
+13847 8 46
+13849 448 465
-13858 211 269
+13863 320 327
-13866 478 504
-13870 228 243
-13876 665 682
-13900 508 522
-13911 3 31
+13914 433 459
-13919 308 330
+13948 6 29
+13960 236 253
-13969 552 575
+13976 632 653
-13981 228 244
-14016 310 321
+14017 524 551
+14022 244 254
+14024 622 639
-14038 117 147
-14052 51 81
+14055 471 530
-14058 365 383
+14060 240 258
-14061 440 454
+14068 413 428
-14071 137 205
+14075 335 358
-14078 663 683
-14081 1 30
+14089 276 303
+14092 645 670
-14102 321 356
+14106 227 243
+14107 442 454
-14116 70 97
-14118 467 500
-14127 204 229
+14133 366 387
-14134 58 71
+14135 667 683
-14146 308 326
-14147 338 395
+14155 653 665
+14159 374 408
+14178 608 651
-14200 204 240
-14203 628 663
-14213 587 606
+14217 426 465
+14220 3 31
-14226 354 384
+14229 71 97
-14231 308 319
-14237 311 339
+14243 271 304
+14250 338 379
+14252 227 247
-14254 160 181
-14267 243 247
+14283 145 174
-14284 465 482
+14286 411 450
-14291 516 557
+14302 411 423
-14305 335 358
-14328 384 408
-14340 622 638
-14345 3 30
+14350 175 198
-14354 16 58
-14360 411 450
+14361 309 328
-14363 490 521
-14365 94 154
-14367 413 429
+14373 499 551
-14380 620 649
-14381 607 630
-14383 665 682
+14391 9 32
-14395 444 460
-14409 464 487
+14410 650 664
+14412 176 197
-14413 604 631
-14414 327 356
-14415 60 73
-14425 467 500
+14446 411 434
-14461 590 636
+14465 437 471
+14470 583 605
-14471 230 250
+14480 433 465
-14491 533 560
-14492 539 560
+14497 495 523
+14498 183 222
+14522 454 472
-14546 535 557
-14548 663 683
-14551 1 31
+14555 576 639
+14572 487 545
+14582 568 606
-14605 652 663
+14608 411 421
+14615 555 587
-14635 411 446
+14636 428 445
+14639 372 408
+14641 374 387
-14642 632 661
+14649 90 119
-14651 444 467
-14652 495 525
-14653 261 288
-14654 600 628
-14659 243 256
-14684 631 644
-14685 106 176
-14686 412 474
-14687 450 511
+14693 227 242
-14699 443 476
+14711 550 560
-14716 93 127
-14718 630 648
+14724 146 174
+14730 274 294
-14739 620 631
+14745 561 582
+14746 519 523
-14747 426 460
-14754 561 584
+14758 246 267
+14759 276 304
+14760 623 648
-14768 311 326
+14775 483 511
-14776 451 485
-14782 153 188
+14783 311 326
-14806 205 221
-14813 354 369
+14820 599 615
+14833 638 661
+14836 484 500
-14837 552 563
+14843 442 460
-14854 622 639
-14860 311 324
+14862 562 603
+14864 454 509
-14867 213 243
-14870 411 440
+14873 128 153
+14876 487 515
-14882 243 253
+14883 184 228
-14885 47 67
+14890 527 546
+14902 532 557
-14904 83 106
+14905 94 119
-14906 558 587
-14908 311 329
-14912 99 121
-14929 510 548
+14930 433 467
+14931 335 387
-14935 211 236
-14939 1 51
-14940 444 477
+14947 138 180
-14957 309 350
-14962 414 467
+14966 66 78
+14967 560 589
+14976 411 446
+14977 324 371
-14981 539 553
-14984 412 421
-14987 59 94
+14988 493 510
+14989 546 598
-15001 494 529
+15005 166 235
+15007 371 408
+15013 107 134
-15015 412 423
+15016 474 509
-15017 627 650
-15018 603 640
-15026 321 335
-15031 448 473
-15037 345 369
+15039 166 192
+15046 328 344
-15053 473 484
-15068 560 573
+15070 34 72
-15076 152 168
-15081 535 559
+15121 499 550
+15122 34 58
+15131 34 67
+15132 320 327
-15134 413 480
-15137 188 211
-15138 95 157
+15144 343 363
-15145 186 235
+15149 369 398
-15150 231 246
+15154 335 384
-15159 274 297
-15161 97 124
+15172 379 397
+15182 354 376
+15183 84 96
-15184 154 187
-15185 647 662
+15205 627 638
+15209 608 623
-15212 573 606
+15215 8 31
+15220 414 440
+15221 268 287
-15222 320 332
+15226 585 628
-15229 41 102
+15231 136 149
-15232 328 358
-15235 461 490
+15237 309 325
+15238 650 664
-15240 323 332
+15241 658 675
+15244 411 444
+15247 493 529
+15254 1 33
-15255 630 649
+15259 599 618
+15262 633 641
+15265 1 15
+15282 33 58
+15305 146 168
-15312 169 192
-15319 568 589
+15328 546 555
-15337 628 658
+15342 411 442
-15343 635 669
-15346 99 188
-15366 633 644
-15372 467 482
+15374 267 281
-15375 411 422
-15385 652 664
-15386 25 53
-15387 411 459
-15388 510 551
+15389 473 490
-15393 643 662
-15394 77 113
-15396 585 630
-15398 384 408
+15402 413 449
-15403 69 96
-15404 421 453
-15407 241 256
+15427 655 666
+15428 464 507
-15429 145 188
+15437 139 152
+15449 446 462
+15458 523 548
+15480 3 40
+15484 505 525
+15488 308 326
-15492 604 641
-15495 539 555
+15498 309 337
+15499 221 235
+15501 34 73
+15502 590 614
+15505 136 154
+15507 462 482
+15508 365 388
-15511 483 505
-15513 183 227
-15518 328 365
-15522 89 105
-15526 433 452
+15532 576 598
+15533 206 223
+15555 327 332
-15557 309 318
+15558 190 211
+15560 259 291
+15566 622 638
+15572 9 70
+15573 220 240
+15574 412 453
+15576 530 598
+15578 52 92
+15580 325 364
-15584 209 223
-15587 243 259
-15590 642 664
+15593 453 469
-15597 379 395
-15601 450 464
-15602 148 165
+15604 444 455
+15612 628 663
+15613 33 59
-15614 165 215
+15615 648 665
-15616 60 92
+15621 630 647
+15623 274 304
+15625 227 245
-15627 321 327
+15633 608 640
-15635 530 550
-15637 282 315
-15638 538 557
-15675 308 327
+15694 451 494
-15695 330 355
+15700 28 51
+15701 312 324
+15702 7 25
+15710 315 406
+15722 589 608
+15724 664 683
+15727 546 559
-15728 623 667
+15730 136 175
-15734 511 568
-15736 277 300
-15738 96 119
+15744 532 548
+15749 259 268
+15750 106 141
+15760 308 323
+15761 188 204
-15767 309 320
+15769 335 355
-15778 165 204
-15779 560 646
+15780 148 161
-15786 380 408
+15788 660 683
+15791 487 529
+15797 245 304
+15798 356 368
-15802 308 332
-15805 511 532
-15808 262 276
-15813 411 443
-15818 552 585
+15828 204 245
+15830 380 408
+15831 452 470
-15838 206 235
-15840 210 227
-15853 470 486
-15860 390 408
-15861 619 636
+15863 661 665
-15880 664 675
-15881 243 258
-15882 330 363
-15890 411 432
-15898 218 241
-15900 330 369
+15901 92 102
+15903 473 489
+15911 345 371
-15918 125 154
-15919 411 470
-15926 254 277
-15927 327 407
+15930 552 570
+15937 336 408
+15938 640 652
-15943 255 272
-15944 308 324
+15945 639 648
+15950 89 96
+15951 583 615
+15953 534 557
-15955 93 110
+15956 141 167
+15960 270 286
+15967 387 406
+15970 554 569
+15978 387 407
-15979 31 45
-15980 308 324
-16003 349 364
+16006 662 683
-16011 227 245
-16012 525 532
+16017 471 535
-16018 570 614
+16034 108 125
-16038 649 667
+16039 33 66
-16044 430 450
-16045 105 140
-16057 176 199
+16059 212 243
+16062 444 483
-16063 550 569
+16067 189 206
+16107 412 423
+16111 148 213
-16113 639 654
-16151 365 407
+16157 421 453
+16164 83 102
-16174 463 480
-16184 142 186
-16190 153 190
-16192 411 421
+16200 146 163
+16201 526 558
+16202 246 282
+16203 315 326
-16204 556 568
-16222 44 73
-16227 90 120
+16235 486 505
-16236 311 318
-16245 538 551
+16247 101 190
+16254 81 93
+16260 277 304
+16265 2 29
+16269 607 623
+16270 411 443
-16271 82 99
-16273 449 481
-16274 604 622
-16275 413 437
-16278 16 69
+16280 7 33
-16281 105 145
-16290 330 363
+16293 585 636
-16299 6 31
+16302 51 66
-16303 155 211
+16310 384 406
-16312 322 366
+16314 71 96
+16317 12 25
-16319 336 350
-16320 166 184
-16323 32 73
-16324 444 453
-16329 551 560
-16330 192 227
+16335 556 575
+16338 89 97
+16341 244 259
+16364 202 228
-16365 244 303
+16366 380 407
-16367 417 436
-16373 637 663
-16395 620 667
+16406 308 318
+16410 452 472
+16412 645 682
+16417 102 119
+16424 486 520
-16426 569 600
+16427 166 199
-16429 250 272
+16430 145 165
-16433 308 324
+16434 357 370
-16435 637 653
+16437 100 158
-16444 253 267
+16446 191 206
+16448 160 190
-16449 327 371
-16450 325 344
+16452 237 253
+16485 460 474
-16487 436 449
-16491 427 515
+16496 107 142
-16521 3 15
+16540 213 232
+16542 380 408
-16550 599 619
-16553 241 282
+16556 247 275
+16559 206 241
+16565 638 665
-16569 639 655
+16575 33 59
-16577 473 509
+16578 494 521
-16579 411 440
+16580 254 268
-16583 356 380
+16587 34 60
-16588 478 509
-16589 367 407
+16596 371 408
-16602 487 524
-16607 637 660
-16609 635 654
-16643 649 663
+16644 603 646
-16659 662 675
-16668 411 444
+16705 389 408
-16710 318 327
-16714 574 603
+16716 539 557
+16718 655 683
+16719 615 636
-16721 515 557
+16723 389 408
+16725 585 639
+16733 102 144
+16735 70 86
-16736 105 127
-16739 144 156
-16740 411 455
-16747 93 99
+16750 477 516
-16769 603 622
-16796 188 203
-16798 411 431
+16799 332 408
-16800 589 639
-16829 494 527
+16830 276 304
+16837 83 113
-16840 308 325
+16845 457 478
+16846 639 682
-16851 411 422
-16852 9 58
+16853 345 363
-16855 538 553
-16859 453 476
-16862 375 407
-16868 223 239
-16870 12 46
-16874 444 479
+16877 257 268
+16880 244 271
-16883 64 105
-16896 640 667
+16897 262 304
+16901 46 89
-16902 87 101
-16906 310 329
-16910 521 548
-16961 203 240
-16980 97 110
+16998 261 282
-17016 308 358
+17021 68 89
+17024 357 408
-17029 324 346
+17030 423 449
-17035 630 647
+17037 147 165
+17040 413 443
+17042 562 608
+17046 562 609
+17048 442 454
+17053 598 628
+17054 411 423
-17055 253 268
+17058 210 253
-17064 496 533
-17066 192 229
+17067 548 557
-17079 421 446
+17098 322 327
-17123 413 452
+17133 332 408
-17159 368 387
+17160 669 683
+17167 154 223
+17172 510 554
-17173 649 667
+17175 256 286
-17187 658 669
-17189 628 644
-17192 337 364
+17206 598 641
+17217 215 243
+17225 623 646
-17256 153 182
-17257 642 654
+17258 1 31
-17259 253 270
-17261 227 250
+17268 72 96
+17278 348 408
-17289 481 509
-17291 15 46
-17292 230 254
-17295 152 188
+17306 246 274
+17308 272 288
+17310 106 140
-17311 89 105
+17315 609 629
+17317 227 241
-17318 473 523
-17325 77 97
-17331 154 190
-17332 497 556
-17335 554 568
+17345 570 619
-17347 344 356
-17349 73 94
-17354 16 44
-17355 33 55
-17363 93 101
+17366 449 462
-17369 71 89
+17384 607 623
+17406 669 683
-17411 563 589
+17420 72 99
-17421 417 499
-17426 529 560
+17440 630 646
+17447 428 466
-17449 365 394
-17452 667 683
+17453 478 500
+17454 186 202
+17462 604 635
-17463 148 167
-17465 308 323
+17471 411 451
-17474 590 630
-17475 106 145
+17539 487 525
+17579 469 527
+17580 322 332
-17581 649 665
+17583 411 432
-17585 620 645
-17590 176 190
-17592 663 670
+17596 141 165
-17597 511 545
+17599 270 280
+17609 1 32
+17612 266 286
-17625 320 345
+17627 52 66
-17697 227 256
-17725 358 373
+17730 552 590
+17732 552 570
-17744 507 526
-17746 412 428
+17749 411 446
-17756 507 558
-17758 149 168
+17766 44 78
-17769 533 557
+17772 421 470
+17773 70 102
-17775 511 552
-17776 451 483
-17781 327 355
+17782 154 209
+17783 521 557
-17784 546 555
-17785 165 211
+17789 71 94
-17792 308 329
+17796 448 473
+17806 451 469
-17830 538 554
+17837 34 66
-17841 308 358
-17848 315 389
-17859 358 389
-17890 428 520
+17904 93 99
+17908 213 260
-17911 412 454
+17920 1 30
-17921 620 662
+17922 474 493
-17927 308 315
-17930 228 257
-17931 412 428
-17941 337 346
-17942 256 286
-17943 268 297
-17944 647 667
-17945 274 297
-17947 241 256
+17948 338 380
+17949 411 427
-17968 165 184
+17969 250 272
+17974 422 467
-17983 569 606
+17990 335 373
-18035 312 325
-18038 155 221
-18043 650 665
-18052 412 430
+18062 662 669
-18064 1 28
-18065 50 71
-18067 510 527
-18070 493 511
+18074 523 554
-18075 244 271
-18076 462 469
-18081 481 511
-18087 387 408
+18088 73 93
+18136 527 563
-18150 107 156
-18155 348 397
+18168 605 663
+18173 381 408
+18176 204 221
+18177 638 663
+18182 191 227
-18183 436 464
+18187 120 145
-18198 153 204
-18199 138 154
-18200 554 576
+18201 92 96
+18212 12 28
-18226 631 638
+18229 620 646
-18234 623 646
-18254 652 663
-18278 650 682
-18280 191 203
-18314 42 69
-18323 411 443
+18334 335 408
-18349 144 165
-18356 154 223
-18357 243 310
+18360 561 605
-18363 1 33
-18367 60 78
-18373 267 288
+18378 163 190
+18379 495 548
-18380 646 664
+18382 585 636
+18383 607 629
-18384 157 190
+18385 218 256
-18388 138 154
-18390 618 649
+18391 338 363
-18392 411 437
+18397 552 573
+18398 483 495
+18411 559 569
+18429 432 457
-18462 526 581
+18483 121 155
+18488 436 480
+18492 388 408
-18496 183 223
-18498 85 105
+18499 468 525
+18505 2 58
-18507 412 452
-18511 559 569
+18512 515 554
-18520 33 66
-18530 434 445
-18541 521 539
-18542 185 245
-18544 421 446
+18547 539 569
+18560 142 226
+18564 101 135
+18586 165 184
+18587 654 670
-18599 445 481
+18602 412 437
+18603 95 121
-18604 489 529
+18608 244 273
-18613 473 494
-18614 647 660
+18619 326 363
+18624 8 33
+18629 345 364
+18630 659 675
-18633 262 304
-18635 473 507
+18638 149 183
-18643 44 66
+18650 521 547
-18651 230 245
+18675 325 379
-18677 120 163
+18705 60 71
+18712 327 354
+18721 469 510
-18744 467 507
+18752 522 548
-18756 118 154
+18757 228 241
-18762 588 633
+18766 510 545
-18770 608 649
-18772 599 637
+18777 464 510
+18780 99 119
-18781 456 466
-18782 199 206
+18784 640 665
+18786 534 557
-18787 86 102
-18800 197 211
-18836 229 239
+18845 46 78
-18849 622 661
+18850 648 663
+18856 448 467
+18859 244 263
-18873 449 465
+18878 276 303
-18881 213 240
-18883 313 338
-18897 423 446
-18903 387 408
+18906 411 432
+18908 515 548
+18921 472 484
+18928 637 662
-18931 532 554
-18934 432 445
-18945 55 68
-18964 159 189
-18970 478 496
-18981 29 105
+19016 139 154
-19020 473 486
+19022 417 464
+19023 204 239
+19032 411 421
+19037 1 44
+19039 320 355
+19040 262 304
+19045 413 423
+19048 60 87
-19053 436 465
+19059 411 426
-19084 218 269
-19089 630 646
-19093 479 520
+19100 436 459
+19103 227 267
-19112 67 90
+19113 59 94
-19121 3 16
-19124 478 524
-19125 29 58
+19128 644 662
-19131 1 19
+19132 480 510
-19134 312 328
+19135 1 16
-19136 59 96
-19140 478 494
+19142 121 158
+19143 44 67
-19144 347 357
+19145 231 244
+19151 562 575
-19155 471 485
+19156 77 86
-19158 230 250
+19161 374 407
-19170 229 241
-19200 214 261
-19202 311 331
-19203 516 547
+19204 436 462
-19205 128 154
+19208 357 374
+19211 128 153
+19214 229 286
-19216 356 382
+19217 312 324
+19218 599 630
+19222 257 272
+19223 83 97
+19228 84 102
+19241 426 465
+19242 640 667
+19244 421 451
+19245 534 563
-19247 32 54
+19257 559 583
+19258 488 510
-19259 97 108
-19262 460 473
-19273 223 236
+19291 411 421
-19304 464 478
+19314 324 332
+19324 142 174
+19326 176 192
-19327 33 60
+19333 473 503
+19337 527 558
+19349 315 328
-19353 117 149
-19354 655 675
+19359 159 174
-19360 607 628
+19371 364 401
+19374 460 475
+19379 28 52
-19381 166 191
+19394 387 408
+19395 337 379
+19397 640 683
-19424 445 500
-19430 230 244
+19432 412 444
+19444 321 332
+19445 495 522
-19446 335 380
+19448 1 16
-19458 411 481
-19470 532 553
-19478 429 460
-19479 15 48
+19484 175 212
-19485 166 209
+19486 254 274
-19488 522 554
+19494 277 304
+19504 232 244
-19535 569 576
-19538 570 590
+19543 652 663
-19553 461 465
+19576 174 245
-19577 648 667
-19599 594 623
-19606 146 168
-19628 90 105
+19631 533 552
+19650 294 304
-19652 421 435
+19653 259 281
+19656 530 556
+19657 157 182
-19669 486 520
-19672 232 263
-19693 245 256
-19705 414 464
-19708 478 511
-19717 413 426
+19718 315 336
-19731 546 559
-19742 411 423
+19748 232 256
+19749 328 339
-19751 552 583
-19755 28 69
+19756 364 384
-19761 349 388
-19768 93 113
-19785 486 509
+19819 371 408
+19820 600 636
-19829 635 650
-19833 93 174
-19837 638 650
+19843 227 246
+19844 363 408
+19847 318 344
-19849 582 621
-19860 1 13
-19862 318 329
+19863 387 408
-19873 411 429
+19874 243 259
+19880 100 153
-19885 214 232
-19886 487 524
+19887 84 101
+19888 73 96
+19890 136 163
+19893 176 220
+19894 618 636
+19896 213 236
-19906 321 329
-19909 643 660
+19914 244 260
+19915 118 161
+19920 243 267
-19924 80 101
-19934 649 663
-19991 227 258
+20008 319 326
-20022 311 388
-20027 260 274
-20035 382 407
+20036 639 663
+20043 588 639
+20046 638 649
+20055 433 452
-20060 318 328
+20061 453 486
-20065 73 97
-20070 600 636
+20073 58 71
+20077 250 272
+20078 507 535
+20089 665 683
-20101 312 332
+20152 363 406
-20153 411 446
+20154 1 45
-20160 2 20
+20186 448 474
-20197 411 421
-20219 411 423
+20223 365 408
+20225 411 443
-20226 422 463
-20229 533 569
-20231 336 390
-20275 358 372
+20299 34 92
+20305 411 430
+20316 583 608
-20346 606 662
+20351 365 393
-20365 3 90
+20376 241 260
-20383 603 619
+20385 107 141
-20390 247 275
-20392 145 199
+20394 411 446
+20399 467 507
+20401 311 326
+20408 218 241
+20416 327 358
+20417 331 354
+20479 598 615
+20481 185 221
+20493 628 660
+20511 91 102
+20512 29 72
+20517 644 683
-20530 444 459
+20536 28 69
+20558 655 682
+20560 146 168
-20568 117 145
-20572 233 244
-20578 364 429
+20583 244 262
-20584 388 408
-20587 558 585
+20590 507 518
+20592 414 449
-20687 47 60
-20696 411 433
-20699 96 138
+20716 647 670
+20721 257 270
+20724 470 494
-20731 432 449
+20734 154 175
+20745 628 663
+20751 325 344
-20754 426 452
+20761 315 326
+20797 71 97
+20804 458 486
-20813 347 372
+20825 244 269
+20827 449 484
-20829 413 451
-20842 182 199
-20846 532 556
+20849 645 662
-20856 411 423
-20858 209 232
-20863 575 636
-20869 136 189
+20874 433 476
-20875 133 184
+20882 308 332
+20883 322 364
+20884 473 504
-20886 539 568
+20889 327 363
-20890 70 96
+20895 95 106
-20896 647 663
-20899 354 375
-20900 367 394
-20914 227 260
-20915 82 96
+20916 310 319
+20917 311 328
-20918 325 363
+20922 606 648
+20925 221 255
+20945 421 462
+20948 91 97
-20956 90 105
-20957 158 190
+20971 336 358
-20978 219 242
+20983 412 460
+20985 412 427
-20987 318 343
-20991 493 525
-20993 82 101
-20994 243 263
-21003 310 329
+21008 648 665
+21009 437 451
-21010 497 521
-21011 236 259
+21013 72 96
-21021 148 176
+21032 546 557
+21034 488 509
-21041 346 363
-21062 219 240
+21063 461 472
-21092 25 69
-21099 546 563
-21117 589 606
+21120 649 670
+21125 332 375
-21127 628 683
+21128 169 204
-21132 190 209
-21136 148 190
-21137 92 138
+21148 80 96
-21184 427 509
-21192 428 466
+21234 250 275
+21248 500 522
+21264 422 473
+21275 365 401
+21278 121 199
-21283 623 646
-21284 638 649
+21285 411 436
+21287 14 54
+21288 99 107
+21296 97 140
-21298 412 428
+21306 664 682
+21313 483 525
-21314 101 145
+21318 97 138
+21320 365 406
+21355 40 66
+21356 337 406
-21359 515 551
+21360 452 473
+21376 136 158
-21381 167 192
+21386 309 332
-21396 145 157
+21398 560 573
+21399 259 274
-21405 482 538
-21410 44 72
-21415 387 408
+21416 191 211
+21418 199 227
-21422 562 583
-21428 618 642
+21429 484 509
+21432 569 590
+21433 229 257
+21436 642 675
-21439 199 206
+21441 448 472
+21448 97 124
-21485 523 563
-21486 118 156
+21490 107 144
-21496 145 176
+21502 332 393
+21504 146 166
+21534 603 637
-21535 336 372
-21545 411 429
-21547 121 165
+21551 471 488
+21554 570 604
+21555 243 260
-21557 190 223
-21558 632 658
+21560 336 355
+21566 33 54
+21573 330 368
+21576 145 176
-21597 454 471
-21607 598 606
+21632 28 59
+21633 637 664
+21634 562 590
+21635 453 478
-21636 227 240
-21662 90 99
+21663 345 363
+21687 500 520
-21688 433 453
+21689 91 113
+21694 534 557
+21695 493 528
+21707 145 221
+21708 453 506
+21713 337 358
-21716 1 16
+21731 1 33
-21732 589 609
+21737 138 163
-21744 481 507
+21748 669 683
-21766 527 548
-21767 329 358
-21769 607 639
-21770 643 662
-21774 223 240
-21796 228 256
+21800 105 119
+21805 54 85
-21806 470 534
-21808 550 562
-21809 105 135
+21819 311 344
-21820 515 530
-21825 29 45
+21835 59 99
+21838 623 649
+21847 96 141
+21852 162 184
-21854 32 68
+21855 270 304
-21868 486 507
+21869 73 92
-21897 647 683
-21913 452 467
+21919 550 557
+21929 445 506
-21932 550 559
-21933 32 72
+21947 154 211
-21948 211 231
+21953 326 344
+21954 412 426
-21958 263 304
-21960 486 511
-21965 335 355
-21968 527 557
+21970 620 638
-21971 40 57
-21976 495 505
+22024 349 408
-22045 411 452
+22047 371 388
+22052 619 649
-22072 411 436
+22073 432 472
-22079 346 355
+22080 429 445
+22085 97 140
-22088 459 489
-22091 526 554
+22093 603 618
-22095 600 619
-22097 557 587
-22100 436 457
-22102 256 271
+22106 554 569
-22109 413 463
-22110 576 619
-22113 412 443
-22121 230 245
-22129 655 665
-22132 319 327
+22134 343 364
-22170 229 272
-22209 6 41
+22216 154 176
+22230 645 683
-22235 389 407
-22246 665 683
-22249 253 288
+22250 607 648
+22267 68 91
-22274 535 557
-22315 628 644
+22316 534 560
+22339 480 511
-22345 393 408
+22350 636 649
+22353 1 28
+22362 318 374
-22363 384 406
+22364 639 683
+22368 165 198
+22371 206 229
+22375 144 169
-22378 229 288
+22380 154 166
-22383 594 623
-22384 148 188
+22386 663 683
+22388 442 490
+22394 573 609
-22396 412 428
+22399 464 493
-22403 315 332
-22405 321 364
+22406 576 622
+22407 652 667
-22409 478 509
-22411 411 430
+22412 414 450
-22413 413 436
+22415 618 629
+22422 68 84
-22438 145 165
-22452 412 429
-22465 159 220
+22486 471 499
+22488 46 88
-22490 594 615
-22492 125 145
+22493 590 633
-22494 376 408
-22506 374 408
+22509 649 664
-22511 551 577
+22512 1 59
+22513 254 273
+22516 558 569
+22522 364 405
+22523 523 560
-22525 223 240
+22527 1 32
-22530 563 598
-22531 324 356
+22535 245 260
+22536 379 398
-22575 433 452
+22589 29 59
-22591 557 583
-22598 464 481
-22613 56 92
+22615 328 358
-22625 539 553
-22627 560 574
-22629 560 583
-22632 140 156
-22639 426 469
-22641 91 99
+22642 318 358
+22645 349 398
-22647 411 442
+22648 227 245
+22652 495 526
+22657 562 587
-22687 227 243
-22696 89 96
+22723 511 526
+22732 510 535
+22749 523 552
+22759 473 489
+22762 338 368
+22765 347 395
+22768 511 547
-22773 532 568
+22863 191 206
+22870 141 165
-22873 97 107
+22877 247 271
-22881 32 58
+22884 309 324
-22890 411 460
-22892 606 634
-22895 250 267
-22897 467 490
+22905 633 665
-22906 244 258
-22909 550 583
+22910 523 555
+22914 345 397
-22916 457 495
+22953 91 113
+22956 608 643
-22963 568 581
+22984 495 547
+22989 1 31
-23012 422 459
+23017 34 67
-23018 165 184
-23023 444 472
-23024 590 646
+23038 417 447
+23041 649 658
-23057 531 546
-23082 640 664
