-3 270 281
+8 438 473
-9 545 559
+10 62 77
+14 325 359
-15 161 184
-25 136 143
-26 238 246
-28 138 153
+29 380 396
+36 65 82
+37 386 410
-39 430 437
+40 396 402
-44 488 493
+46 279 288
+52 346 359
+56 560 572
-60 527 537
-69 238 246
-73 387 401
+74 171 201
-77 534 544
-78 117 129
-81 281 291
+83 551 569
-87 245 252
+93 291 308
-101 405 411
-108 175 186
-112 319 354
+114 33 80
+117 192 201
-119 35 46
+120 364 389
+123 42 77
+124 168 182
+126 185 197
-128 442 477
+132 392 398
-134 269 281
-135 124 152
-143 414 430
+152 538 551
+162 576 594
+169 322 359
+170 559 570
-176 423 429
+177 548 564
+181 551 564
-182 392 406
-183 32 52
-189 244 258
-193 295 317
+200 202 222
+204 269 285
+215 319 347
-223 494 503
+228 331 338
-233 294 317
-242 238 250
+248 225 246
+251 454 475
-254 476 483
-261 362 376
+262 478 490
+264 579 584
-269 454 466
+277 517 547
-280 488 503
-281 201 216
+282 315 328
-285 386 397
-286 437 460
-288 291 313
+289 132 148
+291 192 203
+292 187 216
+294 433 453
+303 361 368
+304 571 587
-305 339 358
+307 161 182
+310 51 73
+311 291 308
-313 83 106
-318 425 437
-333 237 245
+336 214 222
-340 205 218
+343 149 158
-345 505 532
-347 554 560
-351 83 92
+360 300 319
-365 180 205
-366 93 114
+367 176 201
+368 159 182
+369 93 119
+370 476 490
+376 438 462
+379 149 173
-380 531 547
-386 570 586
-390 228 246
+392 226 241
+393 83 94
-396 491 502
-399 270 285
-401 273 285
+404 117 134
+408 81 91
+412 249 268
-413 366 387
+416 471 484
-432 515 531
-433 436 452
+435 373 394
-440 585 594
-442 132 146
+445 591 598
+448 79 86
-449 297 317
+456 404 420
-457 214 228
-462 426 432
+465 72 81
+467 226 233
+473 223 239
+476 32 40
+477 169 186
+478 349 358
+480 277 290
+483 59 80
-486 577 587
+488 386 396
+489 149 163
+494 233 254
+496 208 219
+499 1 19
-500 500 517
-513 244 263
-514 534 551
-520 272 282
+521 418 452
-522 287 293
-523 317 346
+525 166 177
+530 218 226
-533 497 505
+535 40 53
+537 393 421
-546 48 65
-547 594 598
+549 1 28
-555 206 216
+565 84 89
+566 319 341
-568 219 244
+579 553 562
+583 1 8
-588 316 356
+589 269 281
-592 503 531
-598 361 375
+601 501 520
+614 562 573
-619 87 97
+621 572 586
-623 362 369
+624 326 347
+625 330 341
-628 445 468
-636 320 341
-639 368 387
+646 514 523
+648 382 391
-649 249 253
-652 585 593
+654 414 437
+656 417 431
+657 476 493
-669 150 174
+684 258 282
+687 74 86
+694 238 246
+701 132 149
-705 214 222
-707 219 238
-709 295 314
+712 180 197
-715 396 434
-716 1 11
+719 536 551
+721 388 406
+722 165 178
+728 19 26
-731 72 86
-732 468 475
-747 300 317
+753 418 425
+762 404 423
+765 495 505
-766 570 580
+770 290 313
+772 535 549
+773 422 441
-775 358 366
-780 133 149
-785 345 354
-792 318 348
-793 462 481
-798 399 434
-801 37 52
-802 556 581
+803 388 397
+806 170 178
+808 578 590
-809 477 501
-812 466 482
+815 498 505
+832 342 358
+834 522 530
+839 570 586
+851 334 359
-860 293 304
-861 397 411
+862 363 371
-870 70 89
-874 364 384
+876 192 207
-877 31 64
-881 461 476
+882 449 465
+884 240 248
+885 139 148
-887 491 501
-888 487 504
-889 560 570
-895 31 43
-899 83 93
+914 40 65
+915 579 587
+925 102 126
-926 233 269
-929 172 178
+933 280 287
+934 416 424
-936 56 75
+939 515 537
+940 371 383
+960 436 453
-967 425 440
+968 63 90
-969 561 576
-978 553 565
+979 22 45
+982 286 302
-988 27 46
+994 332 358
+999 220 242
-1000 527 533
+1004 49 55
+1005 440 453
-1006 392 405
+1008 214 226
-1009 224 240
+1011 233 246
-1017 224 237
-1018 387 401
-1019 211 230
-1023 198 216
+1048 216 222
-1049 90 107
+1050 343 349
+1063 561 586
+1066 93 107
-1067 217 232
-1068 390 408
-1072 362 395
-1075 247 268
+1076 408 451
+1079 359 366
+1080 185 193
-1082 62 83
-1083 567 588
+1084 173 193
+1087 364 378
-1088 165 171
+1089 223 228
-1092 233 239
-1095 196 225
-1096 1 6
+1098 411 424
-1101 120 145
-1102 361 370
+1105 52 70
-1106 72 83
+1114 82 92
-1117 285 330
-1118 5 31
-1119 68 83
+1123 97 112
-1125 506 515
-1126 72 86
+1129 576 598
+1130 500 526
-1132 5 19
+1133 392 410
-1139 47 78
+1143 417 433
+1147 293 311
-1148 308 319
+1155 476 484
-1156 461 466
+1157 318 337
-1158 486 492
-1164 578 592
-1169 543 555
-1170 493 501
-1171 142 157
-1185 171 186
+1187 152 175
-1190 137 176
-1191 405 444
+1193 217 229
+1200 16 28
+1201 570 581
-1205 591 598
+1207 331 343
-1208 563 585
-1209 200 212
+1213 240 257
+1216 79 89
-1230 129 144
+1232 397 411
+1236 570 598
+1242 501 518
+1243 477 490
-1247 291 305
-1248 497 522
+1249 125 134
+1250 385 401
+1251 431 448
-1256 245 269
-1258 363 398
+1261 217 235
-1264 584 591
+1271 316 325
-1272 158 175
+1274 328 347
+1284 236 245
+1286 361 378
-1288 425 450
-1289 316 327
+1291 364 384
-1293 431 448
-1295 158 185
-1301 149 168
-1304 53 74
+1309 270 280
-1310 219 245
-1317 143 149
+1319 532 547
+1321 269 285
+1328 363 376
+1330 1 10
+1338 100 121
-1346 219 237
-1353 205 212
+1354 131 184
-1355 539 574
+1362 472 484
-1364 96 118
+1365 42 62
+1366 172 197
-1367 95 124
+1369 101 131
-1371 65 83
-1375 214 226
-1378 572 589
+1383 95 121
-1387 425 435
+1391 446 455
-1395 431 447
-1402 137 170
-1403 253 269
+1406 553 565
+1408 279 287
-1411 519 536
+1412 486 496
+1416 450 474
-1419 332 359
+1425 180 198
-1426 268 278
+1429 225 241
+1430 158 177
-1431 137 156
+1432 404 416
+1439 237 246
+1446 527 540
-1449 319 341
-1450 108 128
+1451 222 230
-1453 494 528
+1454 27 36
-1455 284 289
-1456 533 545
-1461 269 278
-1462 383 407
+1464 517 533
+1466 21 37
-1467 5 28
+1468 295 315
-1475 114 154
-1476 329 350
-1477 548 565
+1479 316 338
+1484 305 321
+1494 527 549
+1495 291 310
-1503 567 585
-1506 482 503
+1508 281 289
+1511 361 369
-1513 138 153
-1517 137 151
+1518 95 102
-1523 483 501
-1524 264 268
+1525 538 548
+1529 70 83
+1533 566 589
-1534 198 212
-1536 449 456
+1537 431 461
+1543 132 151
+1544 223 239
+1550 1 19
+1553 502 508
-1563 137 146
-1568 61 89
-1569 271 289
-1574 269 293
+1583 102 132
+1585 217 232
-1590 80 93
+1591 183 198
+1594 53 68
+1604 138 151
+1605 293 318
+1607 105 131
+1610 279 292
+1613 19 51
+1619 128 142
+1620 499 510
-1623 517 530
-1625 315 320
-1630 473 492
+1634 170 180
+1643 269 282
-1647 270 280
+1650 81 93
-1657 476 494
+1658 506 520
-1659 197 245
+1666 537 551
+1667 93 132
-1671 430 451
-1675 201 207
+1678 312 323
+1679 413 433
+1680 291 310
+1685 576 582
-1687 72 89
-1693 291 315
-1695 543 556
+1701 128 148
-1703 288 305
-1716 49 94
-1720 388 401
-1725 301 316
-1727 32 49
+1728 87 112
-1729 31 43
-1730 70 89
-1732 230 237
-1738 477 493
+1755 562 583
+1760 560 586
-1762 303 318
+1770 395 410
-1771 363 372
-1776 460 483
+1777 20 39
+1783 394 406
+1785 111 129
-1796 219 269
+1811 185 214
-1819 218 231
+1820 535 545
+1821 79 86
-1824 316 336
+1826 367 387
+1830 444 462
-1834 425 460
-1837 522 540
+1839 319 348
+1849 223 232
-1851 134 145
-1852 381 391
+1854 137 163
-1863 116 134
-1869 202 217
-1882 423 428
-1884 22 45
+1888 526 537
-1890 413 433
-1896 42 53
+1899 486 504
-1900 316 349
+1904 497 529
+1906 538 561
-1907 165 177
-1908 534 551
+1910 528 539
+1915 47 75
-1919 503 522
+1920 361 387
-1925 219 257
+1930 206 214
+1931 58 80
+1934 290 315
-1939 547 561
-1943 339 357
+1952 51 62
+1956 20 31
+1960 501 513
-1966 140 166
+1970 483 496
-1974 260 267
+1976 563 578
-1984 561 570
-1987 343 359
-1989 250 268
-1990 577 587
-1994 538 571
+1996 361 376
+1997 3 19
-2000 578 595
-2001 557 562
+2006 445 469
-2008 444 474
-2011 501 512
+2024 183 198
+2026 308 331
+2027 141 150
-2037 420 433
+2039 217 237
-2045 67 93
-2047 414 435
+2049 51 63
+2052 161 186
-2055 378 393
-2057 298 326
-2060 329 354
+2063 361 370
-2071 275 286
+2073 255 267
-2075 153 161
-2076 249 266
-2081 270 284
+2083 506 524
+2085 93 104
-2097 498 511
+2100 286 298
+2101 575 583
-2102 403 416
-2110 372 387
+2112 374 382
-2119 444 466
-2123 362 384
-2129 216 229
-2134 455 475
-2137 524 552
-2138 5 31
-2139 79 99
+2140 325 358
-2142 1 15
+2146 61 78
+2147 32 49
-2148 10 22
+2149 200 218
+2151 501 515
+2152 425 453
-2155 84 98
-2156 532 540
-2160 502 515
+2163 177 190
-2168 1 19
-2181 194 206
+2186 186 197
+2203 290 296
+2204 77 87
+2210 344 359
-2212 313 325
-2215 217 226
-2216 454 476
-2219 433 450
-2228 247 261
-2232 38 56
-2233 222 239
+2238 506 530
+2242 203 218
-2243 201 212
-2246 113 134
-2249 166 182
+2272 364 385
-2273 483 493
-2274 96 134
+2279 297 315
+2280 222 239
-2281 271 278
+2284 105 126
-2286 469 488
-2287 1 11
+2291 287 293
-2292 384 405
-2297 1 22
+2298 449 464
+2303 534 567
+2305 286 318
-2308 1 26
-2309 65 86
+2318 172 177
+2320 250 269
+2334 223 244
-2340 398 418
-2342 396 409
+2343 373 408
+2345 420 440
-2346 1 22
+2347 132 148
+2351 381 410
+2352 100 131
-2355 72 86
-2359 396 420
+2363 202 214
-2365 487 496
+2368 99 122
-2377 130 145
+2379 570 585
+2381 79 87
-2384 501 515
-2386 563 576
+2387 275 284
-2392 279 293
-2394 387 395
-2399 442 459
+2400 477 493
-2404 111 129
-2405 430 452
-2408 320 348
-2409 218 231
-2410 586 593
+2411 172 180
+2417 249 268
-2418 444 472
+2419 93 107
+2423 19 35
-2424 189 206
+2441 217 254
+2442 290 302
-2445 481 509
+2447 131 146
-2448 431 454
-2449 245 258
-2456 291 306
+2459 138 153
-2462 129 147
+2464 513 532
+2465 217 235
+2470 270 279
-2471 149 186
-2474 498 507
+2476 490 501
+2477 326 347
-2480 543 558
-2485 156 188
+2492 123 145
+2495 573 581
-2497 138 153
+2498 14 22
+2500 139 163
-2504 166 181
+2505 291 297
-2506 290 315
-2508 476 495
+2513 454 474
-2514 38 68
-2516 361 369
-2518 452 463
-2521 363 376
+2526 325 331
+2527 570 586
-2528 368 387
-2531 67 82
+2532 361 376
+2533 543 559
-2535 154 172
+2539 526 540
-2541 468 488
+2544 237 247
-2547 411 424
-2549 402 416
-2551 414 434
+2552 295 312
+2553 396 410
+2563 273 285
-2565 563 586
-2570 1 19
-2574 476 483
+2576 432 453
+2582 240 253
+2584 291 307
+2586 216 227
-2588 582 589
+2596 560 586
-2599 290 305
+2601 1 6
+2602 295 313
-2603 394 406
+2604 449 456
+2607 523 537
+2608 467 484
-2611 402 416
+2612 470 490
-2615 489 500
+2620 249 268
-2621 537 547
+2622 299 315
+2627 553 562
+2629 373 409
+2630 303 319
-2639 52 66
+2640 286 293
-2642 526 533
+2648 364 387
-2651 361 368
-2652 40 55
-2663 501 515
-2665 299 309
+2666 545 559
+2667 20 42
-2668 130 154
+2670 79 87
-2673 360 367
+2674 513 536
-2678 285 299
+2683 83 90
-2687 72 78
-2688 358 363
-2689 246 267
+2694 300 315
+2702 470 484
-2709 514 533
-2712 498 515
+2723 414 430
-2726 48 78
+2728 481 500
-2730 360 376
+2731 318 331
+2734 174 188
-2735 486 503
+2738 38 51
+2739 438 452
+2740 229 238
-2742 556 572
+2745 302 317
-2747 443 455
-2749 337 351
+2752 200 213
-2754 295 315
+2755 295 308
-2759 333 359
-2776 303 313
+2784 68 91
-2786 532 547
-2789 153 170
-2790 1 16
+2792 93 116
+2799 255 262
+2800 233 244
-2801 545 550
+2809 290 303
-2811 185 197
+2821 51 77
-2825 47 62
-2828 494 569
-2832 107 151
+2833 197 214
-2836 269 287
+2841 131 169
-2845 186 210
-2846 332 356
+2850 571 587
-2852 84 93
+2855 260 269
+2856 241 247
+2861 74 86
+2863 500 518
-2867 85 103
+2874 501 510
-2887 226 247
+2892 145 154
-2894 277 288
+2895 386 404
+2897 166 188
+2900 216 235
+2902 7 27
-2905 107 128
-2907 482 501
+2908 392 416
-2911 285 294
+2913 21 37
-2914 34 49
+2916 571 585
+2918 23 37
+2919 66 82
-2928 559 571
-2932 49 61
-2934 219 245
+2935 541 561
+2936 366 409
-2952 154 183
-2953 100 134
+2954 523 536
+2956 454 476
+2957 287 293
-2965 238 244
-2966 538 559
-2968 573 582
+2969 462 475
+2976 158 173
+2977 180 202
-2978 326 349
-2980 63 78
-2991 399 413
-2998 52 59
-3000 270 281
+3008 182 198
-3010 2 25
-3014 305 318
-3018 95 102
-3020 360 366
+3022 202 208
+3025 219 246
+3026 239 258
-3027 494 509
+3032 55 78
-3036 585 594
+3050 321 358
-3051 434 453
+3060 489 500
+3061 487 495
+3064 75 89
-3066 169 182
-3074 503 523
-3077 102 134
+3079 158 175
+3086 55 70
-3087 538 552
+3088 76 86
-3089 388 426
-3099 571 585
+3102 305 331
-3103 493 503
-3121 99 111
+3126 104 122
+3127 1 15
-3131 543 594
-3134 160 200
+3135 427 465
+3136 102 134
-3137 149 175
+3138 217 234
-3140 137 153
-3141 477 501
-3142 270 290
+3146 501 522
-3151 240 267
+3153 316 328
-3156 202 235
+3159 567 595
-3164 570 587
+3166 223 235
-3170 317 359
-3177 106 161
+3181 167 192
+3184 291 312
-3186 360 390
+3188 551 562
-3190 360 390
+3191 1 48
+3194 367 389
-3195 52 73
-3196 466 488
-3197 373 427
-3198 297 359
-3199 247 269
+3200 65 82
-3201 247 269
-3203 373 387
+3206 492 503
-3207 477 496
+3208 6 25
-3209 522 540
+3210 307 332
-3212 5 12
-3213 270 275
+3214 79 94
+3215 271 290
-3216 360 377
+3219 522 544
+3220 570 586
+3221 499 515
+3226 138 189
-3227 528 534
+3228 201 239
+3235 454 476
+3240 58 106
-3241 131 150
+3242 582 598
-3246 373 390
+3252 216 222
+3253 334 358
-3254 511 579
+3257 555 571
+3259 186 204
+3262 536 568
-3263 505 528
-3264 361 371
-3269 270 280
+3273 66 107
+3274 240 269
-3275 424 454
-3276 522 548
-3278 401 441
+3279 339 358
-3280 219 242
-3281 410 437
-3284 364 390
+3286 269 287
-3289 517 541
+3293 555 565
-3294 77 86
+3295 56 70
-3296 564 584
+3298 187 230
+3300 216 256
+3303 273 285
-3304 89 121
-3305 91 102
+3306 137 186
+3307 422 476
+3313 95 122
-3318 455 487
-3322 561 586
+3323 248 269
-3324 27 48
+3326 142 169
+3328 316 342
+3330 401 440
+3331 509 528
+3332 561 589
-3334 290 319
+3335 476 500
+3339 517 549
-3340 431 461
-3341 360 377
-3342 371 395
-3344 431 453
+3347 582 587
+3348 161 168
+3349 294 310
-3351 541 558
+3352 555 587
+3353 454 475
-3354 233 269
+3358 362 377
-3364 190 199
-3366 591 598
+3375 561 577
+3376 428 443
+3378 230 246
-3383 361 376
-3384 477 487
+3389 454 484
-3391 332 358
-3392 38 53
+3394 361 394
-3395 209 223
-3397 39 60
-3399 506 531
+3400 146 169
+3401 322 338
+3402 168 216
+3404 7 45
+3405 288 302
+3407 360 387
+3408 189 216
-3410 204 214
+3412 71 93
+3413 269 286
+3415 23 53
-3418 295 321
+3420 555 578
+3422 490 501
+3424 482 493
+3426 73 83
-3427 153 170
+3428 183 197
+3429 269 282
+3430 198 213
+3431 93 100
+3435 321 359
-3436 386 396
-3437 495 539
+3438 114 142
+3440 303 318
+3445 149 199
-3447 328 350
+3456 48 62
+3457 501 515
+3460 161 213
-3461 126 146
+3462 379 411
+3463 173 197
+3464 486 527
-3465 310 317
+3466 417 435
+3474 454 476
+3475 280 297
+3478 242 268
-3479 20 37
-3480 142 194
+3482 537 550
-3483 43 74
+3484 93 141
+3485 316 331
-3487 177 203
-3488 273 296
-3489 207 227
+3490 361 388
-3491 178 191
-3495 216 239
-3496 136 165
+3497 454 470
+3501 291 359
-3505 117 133
-3509 476 491
+3510 497 531
+3511 269 278
+3523 79 92
+3524 476 501
-3525 277 330
+3527 80 95
+3528 6 24
+3535 286 314
-3542 374 423
+3544 316 334
+3546 272 287
-3547 270 282
+3549 156 175
+3551 281 289
-3553 361 368
+3554 90 95
+3555 471 505
-3556 360 387
+3557 377 393
-3558 153 176
+3560 555 572
+3561 216 232
-3563 491 499
-3565 420 450
+3567 68 100
+3568 20 89
-3569 360 387
+3570 184 232
+3575 116 151
+3576 2 15
-3580 280 307
-3582 223 238
+3584 360 399
+3585 398 430
-3588 306 328
-3590 396 416
-3591 552 569
+3595 65 101
+3596 411 451
+3601 269 283
+3602 65 81
+3605 204 218
+3606 269 280
-3609 191 207
-3611 21 65
+3612 360 388
-3614 533 558
-3617 283 289
+3618 134 146
-3622 320 355
-3626 482 490
-3630 131 148
-3632 223 245
-3634 79 96
-3635 363 399
-3637 319 356
+3638 491 515
+3639 501 522
+3640 8 23
+3641 223 242
+3642 420 445
+3644 449 465
+3645 269 278
-3648 75 89
+3650 270 289
+3654 515 569
-3662 93 124
+3665 339 349
+3670 22 39
-3673 564 592
+3674 275 289
+3675 148 194
+3676 360 371
-3683 497 526
+3686 442 467
-3687 504 534
+3688 251 268
+3689 55 74
-3691 286 318
+3693 360 367
+3696 553 566
-3697 333 359
+3698 498 523
-3699 528 543
+3701 289 306
-3703 281 290
-3705 269 285
-3706 551 582
+3707 269 285
+3709 519 554
+3710 454 477
-3711 585 596
-3716 572 595
-3717 320 358
+3718 508 536
+3720 408 437
-3723 245 258
+3724 408 424
-3725 280 287
-3726 359 367
-3727 273 282
-3731 547 553
-3734 438 451
-3735 275 296
-3742 200 235
+3746 489 503
-3750 422 443
+3752 55 66
+3753 94 158
+3754 395 411
+3755 584 592
+3756 84 117
+3758 318 338
+3763 408 451
+3765 548 560
-3768 236 253
+3769 236 245
-3771 393 417
+3772 2 19
-3773 365 406
+3776 269 281
-3779 282 290
-3781 95 116
-3784 316 338
+3785 288 329
-3787 95 134
+3788 250 269
-3792 273 280
-3793 470 492
+3794 304 344
+3795 281 301
+3796 504 526
-3797 394 424
+3803 458 484
-3804 177 196
-3805 395 444
+3817 269 287
+3821 505 534
+3823 508 526
-3824 289 321
-3827 269 290
-3831 392 408
-3832 360 366
+3834 191 219
+3836 360 385
+3839 1 8
-3844 318 330
-3845 412 453
+3851 501 523
-3852 275 293
-3855 330 355
+3856 269 279
+3864 93 137
-3870 128 148
+3872 373 388
-3876 498 517
-3878 586 594
+3886 300 358
-3892 168 188
-3893 269 280
+3894 523 538
+3895 102 128
+3896 446 460
-3897 560 571
-3898 190 206
-3899 173 197
+3900 558 572
+3901 1 28
-3905 362 395
+3908 52 79
+3911 217 235
+3913 384 395
-3917 114 148
+3925 501 535
-3929 100 129
-3931 360 373
+3934 247 268
-3938 414 437
+3943 62 87
+3944 249 269
-3945 231 251
-3952 3 26
-3957 570 589
+3962 235 269
-3963 362 374
+3964 4 19
-3966 18 43
+3967 501 522
+3968 72 93
-3969 406 424
+3973 64 89
-3974 299 327
+3976 66 86
-3977 580 594
-3979 336 358
-3983 519 569
-3984 172 216
-3985 83 95
-3987 454 495
-3991 395 428
+3992 495 522
-4001 339 359
-4003 547 561
-4007 465 487
+4008 52 83
+4010 449 465
-4013 412 430
-4017 447 466
-4018 219 246
-4019 83 92
-4029 482 502
+4030 428 464
-4031 495 522
-4032 61 79
+4033 75 92
-4038 520 533
-4039 247 263
-4042 486 533
+4043 138 165
-4045 508 547
+4046 149 190
+4047 535 586
+4051 315 343
+4056 170 188
+4057 175 199
+4062 507 536
-4064 408 444
+4069 96 121
+4073 102 133
+4078 359 383
-4082 482 493
+4083 549 575
-4086 269 279
+4088 273 315
-4089 409 431
+4092 79 102
+4094 338 356
-4095 63 93
+4096 269 290
+4100 423 454
-4101 20 37
+4104 269 282
+4106 543 559
+4121 152 183
+4122 270 302
-4129 378 425
-4132 551 577
+4134 359 366
+4136 52 107
-4137 343 359
+4139 1 19
+4140 458 491
-4141 297 359
+4142 273 282
+4143 476 489
+4144 557 569
-4145 295 340
+4149 543 559
-4151 203 220
-4152 575 593
-4153 388 437
-4154 85 94
-4155 322 359
+4160 505 550
+4162 534 549
+4165 319 359
+4166 141 158
-4167 523 549
+4168 92 101
+4169 482 502
+4170 179 200
-4172 124 143
+4175 330 359
+4176 229 248
-4179 217 238
-4186 505 530
-4187 216 227
+4195 223 269
+4200 478 571
+4202 64 105
-4206 270 350
-4208 83 95
-4213 452 487
-4214 284 297
-4221 570 584
-4222 20 45
-4223 4 19
-4225 339 359
+4232 87 111
-4234 291 317
-4237 1 33
-4239 322 359
-4240 517 537
-4242 323 359
+4244 134 151
+4245 158 178
-4251 186 205
-4261 280 359
+4263 238 268
-4267 535 552
-4271 565 591
-4272 319 358
-4275 269 278
-4279 488 501
+4280 463 490
-4282 138 186
-4289 201 216
+4292 308 345
+4294 424 477
+4295 442 489
+4296 560 580
+4297 149 180
-4298 28 80
+4299 360 371
-4301 489 502
-4302 283 314
+4303 499 527
+4304 318 346
+4305 326 358
-4306 286 312
+4307 323 358
-4309 339 359
-4310 33 48
+4323 288 300
+4329 417 444
+4330 79 92
+4337 509 526
+4349 273 287
-4353 129 151
+4356 64 80
+4357 66 83
+4358 32 52
-4360 178 197
+4361 372 417
-4362 411 434
-4363 303 318
-4365 468 484
+4366 454 470
+4367 587 595
-4368 202 216
-4369 20 52
-4370 85 106
-4371 571 587
+4390 228 245
+4399 364 387
+4403 586 597
-4408 270 338
+4409 85 95
-4414 522 544
+4416 200 214
-4417 422 434
-4419 96 111
+4420 379 405
+4429 360 375
+4435 373 395
+4437 177 216
-4438 501 530
-4439 269 283
+4440 486 503
+4441 291 320
+4442 462 487
-4443 295 317
-4444 463 502
-4447 244 269
-4448 311 348
+4451 386 413
-4453 37 62
-4454 135 149
+4461 297 359
+4468 79 93
-4470 345 354
-4472 362 373
+4473 417 430
-4484 248 269
+4495 1 21
+4496 562 583
-4502 150 172
+4503 319 343
+4506 360 377
+4510 269 287
+4512 373 390
-4516 503 515
-4522 270 286
-4525 214 226
+4526 269 359
-4529 434 458
-4531 102 173
-4532 429 453
-4533 282 313
+4536 318 349
-4542 532 567
-4548 269 278
-4551 368 403
-4553 413 478
+4555 1 65
-4556 453 470
-4558 269 280
-4560 269 280
-4561 578 594
+4562 18 37
+4563 333 358
+4565 4 45
-4567 180 207
+4568 232 249
-4569 277 291
+4570 533 562
-4571 178 209
+4573 333 345
+4574 102 114
-4576 529 556
+4577 87 106
-4578 240 266
+4585 572 591
+4592 372 405
+4601 68 113
+4604 154 182
+4610 38 69
-4612 80 102
+4613 330 359
-4622 319 358
+4623 123 137
-4624 217 238
-4625 66 87
+4627 517 533
+4631 494 573
+4633 277 291
+4634 207 224
+4644 49 57
+4653 33 51
+4654 52 65
+4655 66 89
+4656 364 387
-4658 92 102
+4660 517 530
+4661 1 18
+4666 341 358
+4667 310 333
+4668 360 397
-4670 66 93
+4674 560 583
+4676 2 13
+4678 361 386
-4679 366 390
-4680 112 134
-4681 505 522
+4682 128 142
-4683 565 577
+4684 425 452
-4685 455 484
-4688 23 49
+4690 1 18
+4691 300 317
-4695 163 200
-4696 185 205
+4703 413 451
-4715 137 168
+4719 223 244
-4720 417 434
+4733 136 153
+4736 200 217
-4739 404 451
+4740 84 116
+4741 496 524
+4744 291 315
+4746 383 407
+4748 360 382
-4749 436 465
+4762 411 444
+4763 279 288
-4765 331 359
-4769 572 594
-4771 63 82
-4773 435 454
-4781 535 583
-4786 408 428
-4796 172 194
+4799 273 288
-4801 288 299
+4803 389 411
-4804 316 321
-4809 505 520
+4812 240 269
-4814 140 166
+4815 500 523
+4819 443 481
+4820 108 134
+4827 548 582
+4828 138 175
-4829 217 238
+4832 107 137
+4833 318 358
-4835 64 93
+4836 487 501
+4841 442 475
+4842 233 262
-4854 254 269
-4855 499 530
-4856 120 177
+4857 502 515
-4860 269 294
+4861 184 233
+4862 471 503
-4869 217 239
+4871 334 356
+4872 457 475
-4874 45 65
-4876 271 282
-4878 527 544
+4879 302 322
+4880 586 595
-4884 47 65
-4885 170 186
+4886 66 84
-4888 577 597
+4889 22 39
-4891 283 318
-4892 275 293
-4893 93 102
-4896 361 390
+4898 429 464
-4899 301 359
+4901 318 359
-4904 242 255
+4906 196 206
-4908 182 209
-4909 138 158
+4912 554 586
-4913 280 289
+4915 271 284
+4917 340 358
-4922 70 94
+4923 65 83
-4926 1 22
-4927 499 523
-4928 38 62
+4933 26 43
+4941 393 408
+4942 249 269
+4943 330 355
+4949 296 315
-4972 528 552
+4974 290 321
-4975 98 125
+4977 359 373
+4984 305 358
-4990 177 202
+4991 84 94
-4995 478 496
+4998 269 315
-4999 225 269
-5002 456 468
-5004 314 358
-5006 488 504
-5007 43 56
+5008 102 162
-5010 384 436
-5011 497 510
+5012 189 222
-5013 152 190
+5015 270 280
+5018 482 500
-5019 535 575
-5020 32 49
+5022 297 315
+5023 280 286
+5024 303 338
+5025 383 398
-5026 514 534
-5028 96 121
-5030 1 19
-5031 180 213
-5032 360 383
-5034 531 553
-5037 523 537
-5038 362 372
-5040 558 576
-5041 292 312
-5050 442 468
+5051 283 289
-5053 361 390
+5054 282 301
+5055 49 73
+5056 249 269
+5058 270 291
-5068 93 120
-5071 200 218
-5073 360 383
-5077 104 160
-5079 360 393
-5080 269 279
+5081 84 99
-5094 206 218
-5095 2 21
+5096 291 328
-5097 359 366
-5102 289 310
+5103 207 218
-5104 1 21
-5106 362 386
+5107 180 196
-5110 412 430
-5111 549 584
-5112 171 212
+5113 246 268
+5115 189 217
-5116 429 473
+5117 470 490
+5119 316 335
+5120 117 146
+5122 128 151
+5123 269 279
+5124 273 294
+5125 360 371
-5126 319 339
+5127 360 375
+5128 396 416
-5130 395 430
-5132 185 200
-5136 270 287
-5138 455 476
-5140 318 359
-5141 81 92
+5142 536 559
-5143 317 352
-5144 382 415
+5147 423 435
-5149 242 269
-5150 217 237
-5152 217 235
+5156 359 371
-5157 149 163
-5158 587 595
-5162 217 229
+5163 284 302
-5165 128 228
+5166 84 93
+5177 239 267
-5181 206 219
+5183 380 387
+5189 508 547
+5190 318 338
-5192 132 177
-5194 502 523
+5197 572 585
-5199 572 597
-5202 396 449
-5204 339 359
-5205 500 526
-5206 269 281
+5207 273 284
-5209 234 251
-5212 502 512
+5213 422 443
+5214 231 248
-5215 431 460
+5217 526 552
-5218 456 488
+5219 1 19
-5222 487 515
-5230 449 477
-5231 483 505
+5233 405 428
-5234 55 82
-5236 325 359
-5238 489 503
+5239 554 569
+5255 305 343
-5257 422 449
+5259 275 342
+5260 505 533
-5286 223 246
+5287 270 294
-5288 156 184
-5289 362 373
-5293 291 338
-5299 270 278
+5301 105 125
+5303 269 294
-5305 128 148
-5314 392 430
-5316 437 448
-5319 13 65
+5323 455 474
-5324 342 359
-5328 570 587
+5332 359 371
+5334 368 401
+5336 51 80
+5339 432 449
+5342 532 567
+5344 272 289
-5345 290 317
+5349 79 93
+5351 269 284
+5352 504 530
+5353 325 347
-5355 567 584
-5356 66 83
-5367 270 349
-5368 292 305
+5369 96 110
+5372 334 359
+5373 213 224
+5377 53 94
-5381 520 537
-5382 428 460
-5383 342 359
-5388 102 156
-5390 270 279
+5391 379 383
+5392 472 493
-5393 303 341
+5396 237 269
-5403 333 349
+5416 216 253
-5420 313 331
-5421 134 165
+5422 466 486
-5423 167 181
-5424 360 366
+5427 440 472
+5428 328 354
-5431 434 465
-5432 360 369
-5433 23 42
+5436 484 494
-5438 39 65
+5439 294 320
-5440 562 584
-5441 162 182
-5442 269 289
+5451 239 266
-5452 528 553
-5456 390 408
+5457 280 287
+5468 364 389
+5469 270 302
-5470 523 549
-5471 221 245
-5472 558 570
-5473 55 87
-5474 306 338
-5475 104 125
+5476 209 224
-5478 107 134
+5482 342 359
+5492 211 221
-5493 251 269
-5495 553 572
-5496 501 523
+5503 166 237
+5508 195 232
-5512 523 549
+5513 288 358
-5520 581 589
-5523 189 216
-5525 189 213
-5526 137 168
+5532 537 578
+5533 449 476
-5534 571 589
+5535 95 107
-5536 196 208
+5538 116 162
-5540 301 316
-5542 86 93
-5543 165 186
+5544 311 334
-5545 207 232
-5547 405 443
+5548 360 383
-5550 137 156
-5554 251 269
+5555 482 515
+5556 27 45
+5557 557 571
-5558 241 269
-5559 273 283
-5560 506 530
+5561 116 150
+5562 89 101
-5563 96 115
-5565 429 454
+5567 562 571
+5568 305 341
+5570 1 20
-5571 281 290
+5573 325 347
+5575 519 534
+5576 92 102
+5577 238 245
-5580 505 533
+5582 454 468
-5584 269 281
-5588 314 359
+5593 46 137
+5605 53 134
-5609 359 401
-5610 105 137
+5613 214 268
+5615 236 246
-5617 455 470
-5624 10 26
+5626 360 394
+5627 290 359
+5628 71 83
-5629 68 92
+5632 210 245
+5633 184 197
+5636 283 297
-5637 239 269
-5640 336 352
+5641 153 171
+5643 316 342
-5645 94 122
+5646 240 258
+5648 35 72
+5649 294 315
+5650 462 494
+5653 210 224
-5654 469 494
+5655 389 420
-5656 504 533
+5658 421 452
+5663 484 495
-5672 562 584
-5673 1 20
-5688 81 113
+5694 4 21
+5696 209 225
-5698 397 440
+5700 368 387
-5706 1 20
+5707 553 569
+5710 184 200
-5711 501 523
+5712 162 200
-5713 269 282
-5715 102 125
+5716 364 410
-5719 1 19
-5720 483 501
+5722 319 358
+5725 487 504
-5726 189 224
-5730 561 582
-5731 87 106
+5732 74 85
+5735 269 294
+5736 535 557
+5737 571 586
-5738 107 148
-5739 316 359
+5742 102 146
+5744 371 390
-5749 290 312
-5751 392 411
-5752 411 424
-5753 360 367
-5762 530 575
+5763 341 359
-5765 371 403
+5768 1 36
+5778 102 200
+5790 16 39
+5797 158 202
-5799 360 382
-5800 481 490
-5801 571 589
-5802 478 509
+5811 497 521
-5816 348 359
+5819 361 375
+5820 273 287
+5823 101 125
+5824 37 61
+5825 185 209
+5826 308 358
-5827 246 269
-5828 486 501
+5829 281 303
+5831 6 20
-5832 340 359
-5833 361 376
+5835 168 197
-5836 373 390
-5838 24 70
-5842 282 295
-5843 534 545
-5844 73 84
+5845 436 458
+5846 225 245
+5847 123 129
+5848 500 528
-5849 360 371
+5856 28 56
+5858 444 468
-5859 172 191
-5862 226 241
-5865 476 487
+5870 538 579
-5871 424 470
+5872 489 500
-5873 7 37
-5878 360 374
+5882 498 546
-5883 360 381
-5885 132 174
+5887 237 253
-5889 123 154
+5900 124 136
+5902 544 558
+5904 330 349
-5905 1 43
+5909 138 158
-5912 463 487
-5915 339 358
+5919 192 209
+5920 156 219
+5923 144 169
-5924 301 334
+5926 359 372
-5927 270 282
+5928 293 321
+5930 52 66
+5932 466 484
-5933 554 585
+5935 44 65
+5936 91 107
-5938 95 134
+5939 424 475
+5940 223 245
+5941 476 493
-5942 374 395
+5943 558 569
+5945 360 369
+5949 85 116
-5950 270 289
+5951 341 359
+5952 522 533
+5953 501 515
+5956 269 288
-5957 102 134
+5958 149 171
+5959 325 350
+5961 477 490
-5963 364 381
-5966 107 128
-5969 105 148
+5970 463 515
+5971 506 535
+5972 371 420
-5973 282 332
+5978 166 180
-5986 136 153
-5990 1 31
-5991 297 317
-5992 420 434
+5995 2 22
+5998 79 93
-5999 217 242
-6000 491 523
-6001 270 289
+6002 541 592
+6005 153 181
+6006 339 358
+6007 312 359
+6010 563 591
-6016 586 594
-6019 413 462
-6021 456 515
-6022 478 497
-6023 40 66
+6025 359 405
+6027 55 82
+6028 232 242
-6032 203 216
+6034 269 287
-6036 320 358
-6039 288 297
-6040 15 33
+6041 318 331
-6044 93 123
+6045 158 170
-6046 29 58
+6047 172 209
+6048 216 224
-6049 49 85
-6050 347 357
-6052 230 248
+6053 195 214
+6054 369 387
-6055 214 230
-6056 304 333
-6058 214 225
+6059 189 206
-6061 291 305
-6065 315 347
+6066 117 169
+6071 361 369
-6084 424 456
+6086 2 19
+6089 188 216
-6098 364 370
+6102 198 223
+6108 201 215
-6112 167 200
+6113 149 167
+6114 111 168
+6116 364 376
+6118 223 228
+6120 1 15
+6123 333 359
-6128 25 56
+6130 196 214
+6131 388 413
+6135 495 518
+6136 206 226
+6137 93 102
+6138 321 350
-6140 476 501
-6142 102 137
-6149 93 102
-6150 411 430
-6151 5 31
+6152 319 347
+6154 217 229
-6155 95 134
-6156 187 199
-6158 503 526
+6160 329 341
-6161 71 94
-6162 371 390
-6164 360 381
+6165 486 505
+6167 280 294
-6168 530 559
-6169 241 269
+6170 280 294
-6171 234 253
+6173 240 264
+6179 223 239
-6181 148 159
-6184 424 435
+6185 484 515
+6192 226 269
+6201 360 371
+6203 129 156
-6216 55 101
-6219 279 323
+6221 505 536
-6225 167 197
+6229 316 347
-6232 558 581
+6235 388 403
+6242 360 420
+6243 89 95
+6244 90 116
-6245 246 269
+6246 172 201
-6249 453 477
+6252 288 309
+6257 436 481
-6260 279 312
-6263 396 420
+6267 483 489
+6268 218 239
-6269 278 290
-6271 79 92
-6277 220 235
+6280 272 279
+6281 295 315
-6285 462 476
-6289 535 557
+6290 22 39
-6292 270 304
+6300 458 501
+6307 408 425
-6308 269 293
+6325 339 359
+6326 138 153
-6329 223 238
+6331 483 498
-6333 502 530
+6334 435 476
+6335 269 280
-6336 474 501
+6337 223 240
-6340 359 373
-6342 477 498
-6343 332 358
+6344 548 565
+6349 24 51
-6351 240 269
-6352 531 551
-6353 247 269
+6354 81 94
-6355 389 411
+6356 52 86
+6358 27 58
+6359 82 92
-6364 233 269
-6368 486 496
-6369 7 28
+6372 498 515
+6375 240 250
+6389 211 219
-6401 126 138
-6405 446 468
-6410 491 509
+6422 527 583
+6423 401 437
-6432 341 358
-6433 506 523
-6436 547 573
+6438 242 263
-6443 289 317
-6446 438 476
+6448 463 488
+6449 20 39
+6450 302 341
-6451 456 487
+6455 198 213
-6457 248 268
+6459 240 268
+6460 188 216
-6461 447 463
-6462 218 229
-6463 51 65
-6464 381 428
+6465 269 288
+6467 496 526
+6468 75 106
+6469 361 383
-6470 288 302
+6471 95 122
+6472 353 358
+6474 107 156
-6475 418 435
+6477 381 405
-6478 66 87
+6479 568 587
+6480 66 85
-6481 176 190
+6482 240 252
-6483 470 484
-6484 340 359
-6485 20 31
+6490 132 169
+6491 27 39
-6492 591 598
-6499 245 269
-6504 536 565
+6506 553 586
-6509 229 262
-6513 246 269
+6516 72 101
-6517 275 285
+6519 469 496
+6520 504 531
+6523 164 197
-6525 145 159
+6527 383 404
+6532 65 92
+6533 241 269
+6534 212 223
-6537 102 134
-6539 32 47
+6542 425 444
+6545 359 380
-6547 399 416
+6549 444 465
-6551 270 299
-6552 32 73
+6554 368 390
-6556 488 510
-6558 319 359
-6559 475 494
-6560 138 153
+6562 486 515
-6564 138 167
+6565 207 244
+6567 398 420
-6569 65 96
+6572 453 483
+6577 502 521
-6578 509 530
-6579 388 408
+6582 200 214
-6598 572 586
-6606 360 408
+6613 498 512
+6618 360 378
+6620 457 475
+6628 287 312
+6629 277 289
+6633 501 530
-6635 200 219
+6636 269 280
+6640 95 177
-6643 562 577
-6644 558 582
+6645 188 220
+6646 177 204
-6649 39 78
+6650 295 331
-6654 93 102
-6655 72 94
-6657 381 393
-6659 272 301
-6660 430 454
-6662 517 537
+6663 279 294
+6667 359 368
+6671 467 487
-6674 329 359
+6675 192 216
-6676 402 420
+6677 1 19
+6678 200 222
-6680 364 390
-6681 273 287
-6682 149 177
+6683 496 515
+6684 179 202
-6685 16 32
+6686 529 543
-6690 96 121
-6699 187 229
-6700 166 183
+6702 269 279
+6703 506 523
-6720 425 461
+6721 387 408
-6723 32 60
-6731 427 472
-6733 114 143
-6735 98 111
+6738 62 93
+6739 240 247
+6744 523 562
-6746 466 484
+6747 502 523
+6750 325 359
+6755 8 45
-6761 446 460
-6762 424 435
-6766 531 549
+6767 371 387
+6768 177 194
-6769 411 446
-6772 360 377
+6773 431 456
-6775 277 290
-6776 238 246
+6780 360 368
+6782 526 560
-6786 103 137
-6788 413 429
-6789 242 265
+6791 2 19
+6792 587 598
-6793 360 384
-6794 570 575
-6796 269 290
-6797 87 100
+6798 83 92
-6799 269 278
-6800 285 310
+6802 294 316
-6804 116 138
-6805 219 228
+6808 223 237
-6816 102 122
+6821 200 232
+6823 269 285
+6830 474 502
-6831 1 19
+6833 20 70
-6837 294 332
-6838 524 593
-6839 360 369
+6840 102 132
+6841 325 358
+6842 1 19
-6843 136 156
-6846 438 463
+6847 392 420
+6850 383 406
+6852 316 338
+6854 39 80
-6855 244 261
-6856 454 474
+6857 507 537
+6858 287 293
+6860 130 151
+6862 244 267
-6865 93 125
+6866 63 82
-6868 571 588
+6872 476 486
+6874 383 411
+6877 503 515
-6893 136 201
-6894 102 203
+6899 205 265
-6912 273 303
+6913 49 69
+6918 447 496
-6919 383 411
-6925 503 515
-6927 388 413
+6932 316 331
+6936 15 27
+6937 449 484
+6939 53 81
+6941 545 584
+6942 514 530
-6943 202 238
-6944 362 390
+6946 79 101
-6947 214 232
+6953 531 570
+6954 200 233
-6955 187 222
+6956 90 134
-6957 367 383
+6958 247 269
-6959 279 295
+6960 96 102
-6961 476 496
-6962 216 228
-6963 65 91
-6965 80 94
-6967 230 245
+6968 237 262
-6972 482 499
+6974 527 537
+6978 113 145
-6979 270 287
-6980 493 511
+6981 168 194
+6983 318 354
-6984 214 232
+6985 307 329
+6990 10 39
+6991 203 252
+6992 359 374
-6994 482 502
+6996 149 172
+6997 75 92
+7006 526 543
-7008 176 197
+7010 339 359
+7011 452 482
-7012 360 379
-7013 135 179
+7018 469 486
-7019 87 101
+7020 136 169
-7022 163 194
-7023 418 454
+7024 172 203
-7025 361 387
-7028 304 344
+7029 238 268
+7032 216 238
-7034 91 129
-7036 572 593
+7039 153 180
+7040 16 38
-7041 486 503
+7042 269 279
+7044 49 65
+7046 46 58
+7047 378 388
-7051 371 409
-7065 426 440
-7070 360 369
+7071 414 466
-7074 153 174
+7075 503 520
+7076 158 237
-7078 180 203
-7085 294 320
+7086 483 500
+7092 499 512
+7094 466 489
-7096 348 359
+7097 494 504
-7098 360 366
+7100 84 122
+7101 420 437
+7102 477 500
+7105 59 69
-7106 124 146
+7107 51 78
+7108 280 287
+7109 444 477
-7110 59 93
-7115 484 501
+7117 281 287
-7118 149 172
-7125 388 404
-7144 237 266
+7145 22 42
-7148 28 52
+7149 397 423
-7150 452 464
+7151 325 358
+7160 164 178
-7163 537 568
-7171 501 528
-7174 224 244
+7179 514 547
+7180 397 452
-7182 87 102
+7185 486 504
-7186 89 96
+7187 508 536
+7188 244 266
+7189 84 93
-7191 374 398
-7193 229 244
-7196 55 71
+7197 129 145
+7198 328 353
-7199 560 586
+7201 93 129
-7202 87 101
+7203 364 383
-7204 59 84
-7206 418 436
+7207 551 567
+7209 529 541
+7217 537 559
-7239 352 359
+7240 436 487
-7244 73 86
-7246 503 533
-7247 87 106
+7248 291 297
-7250 246 269
-7251 93 102
+7253 364 395
-7255 223 236
+7257 138 151
+7260 577 586
+7263 245 261
+7272 83 92
+7273 269 282
+7284 340 358
+7289 170 200
+7294 213 265
-7301 1 30
+7305 125 171
+7306 1 14
-7308 495 511
+7311 58 80
+7313 37 92
+7317 561 586
-7319 42 93
-7322 43 55
+7323 186 217
-7325 216 258
+7328 216 227
+7332 503 519
-7334 316 358
+7335 449 478
+7337 200 229
+7338 93 102
-7339 96 116
+7340 241 268
-7341 315 327
+7347 494 523
+7350 141 171
+7351 223 264
-7352 501 515
-7353 563 586
-7354 285 303
+7355 251 268
-7358 362 374
+7359 225 241
-7362 188 204
+7363 360 372
+7364 47 68
+7365 521 540
+7367 93 134
+7370 319 359
-7372 1 19
-7375 161 182
-7376 477 501
-7379 1 28
+7384 360 377
+7385 269 282
-7387 493 502
+7388 534 547
-7389 135 146
-7399 305 333
+7400 535 567
-7401 20 31
+7402 108 135
-7403 200 218
+7407 138 167
+7415 167 207
-7420 531 551
+7441 503 551
+7443 154 212
-7444 270 300
+7446 93 102
+7447 399 429
+7450 136 148
-7454 523 551
-7455 1 21
-7457 20 39
-7459 477 487
+7460 538 552
-7461 32 51
+7462 341 358
-7463 1 19
+7465 120 153
+7467 39 86
-7468 579 589
+7470 299 319
-7472 360 365
-7474 128 137
+7475 250 269
-7476 522 552
+7480 431 452
-7481 359 374
+7483 32 55
+7485 325 356
+7487 269 289
+7488 360 383
-7490 198 206
+7493 93 102
-7494 503 523
+7495 274 286
-7496 325 359
+7498 143 169
-7499 453 476
-7504 316 332
+7507 19 27
-7521 164 182
-7523 240 262
+7525 154 171
+7527 471 502
-7528 85 94
-7532 361 401
+7535 122 145
+7540 96 121
+7542 20 34
-7543 269 285
+7547 4 16
+7548 161 199
-7549 209 221
-7553 319 338
+7555 547 581
-7558 322 340
-7564 572 596
+7565 339 358
+7566 476 486
+7568 230 269
-7571 137 152
-7572 240 258
+7575 53 95
-7578 319 359
-7579 390 407
+7581 432 466
-7583 378 414
+7586 531 565
+7588 202 230
+7590 306 358
+7593 312 349
+7597 550 580
+7599 86 116
+7603 102 124
+7604 470 484
-7605 186 214
+7606 59 79
-7608 334 358
+7610 146 171
+7613 1 19
-7616 444 464
-7618 138 153
-7626 210 223
-7628 31 47
-7631 273 282
-7663 154 184
+7675 137 175
+7676 452 474
+7678 304 323
+7689 397 421
+7692 80 89
+7693 554 594
+7694 68 86
-7695 400 435
+7696 398 417
-7699 84 91
-7703 182 200
+7704 1 20
-7706 561 581
-7707 285 320
-7708 563 587
+7712 360 411
+7715 399 424
+7720 373 395
-7723 232 245
+7726 82 94
+7728 470 484
-7729 232 245
-7730 426 438
+7731 438 460
-7733 234 269
-7734 227 255
-7739 7 42
-7741 79 91
-7742 330 358
-7743 156 174
-7744 210 232
+7745 91 122
-7748 501 523
-7750 1 19
-7752 187 201
-7763 409 437
-7764 68 89
-7765 290 317
+7766 396 435
+7773 523 557
+7775 32 53
-7781 87 102
-7789 1 52
-7796 94 124
+7802 70 102
-7803 477 501
-7806 233 250
-7809 278 294
-7811 165 186
-7813 562 572
+7818 87 94
+7819 48 67
-7820 40 50
+7821 580 589
-7823 31 65
+7824 222 257
-7825 553 565
+7826 269 307
-7827 431 448
-7831 531 577
-7832 20 47
+7833 589 598
+7834 507 558
-7837 361 376
-7841 359 385
+7844 213 236
+7846 580 589
-7847 386 403
+7851 202 233
-7852 25 38
-7855 81 115
-7856 362 373
+7858 457 478
+7862 415 430
-7863 494 515
+7865 533 551
-7871 230 245
+7888 423 477
+7889 322 359
+7890 503 537
+7891 95 125
+7892 486 511
-7893 201 242
+7894 562 593
-7905 53 94
-7909 237 269
+7912 389 420
-7918 511 533
-7924 360 371
+7925 551 586
+7929 282 298
-7931 182 201
+7932 117 154
-7936 491 503
-7942 237 255
-7943 523 548
+7946 282 293
+7949 360 371
-7953 342 359
+7956 83 95
+7958 200 235
+7959 523 547
+7960 360 367
-7962 361 390
-7963 287 296
-7965 1 11
+7966 5 26
-7967 508 539
-7968 503 537
-7969 137 149
-7970 244 269
+7971 360 373
-7973 454 469
+7974 554 571
+7975 51 67
+7979 269 290
+7981 359 373
+7984 388 418
-7986 240 269
+7987 192 213
-7988 370 403
+7989 24 53
-7991 91 116
-7996 102 125
-7997 317 332
-7998 314 323
+8007 271 339
+8009 246 266
+8013 486 499
+8014 573 586
-8019 564 589
-8023 154 183
-8027 85 94
-8037 269 287
+8039 269 285
+8041 182 201
+8057 373 394
-8058 45 93
+8068 83 105
+8072 573 586
-8073 269 287
-8082 59 83
+8083 87 125
-8086 552 571
+8089 269 300
-8091 39 93
-8095 87 95
-8099 319 346
-8100 399 413
+8101 388 403
+8102 560 584
+8103 66 89
-8104 95 108
-8105 152 180
-8106 48 73
+8107 581 589
+8108 142 164
+8110 228 246
+8111 318 358
+8113 270 287
+8114 424 470
+8117 493 526
-8120 270 285
+8121 2 31
-8122 497 505
+8123 269 280
-8124 213 221
+8126 321 339
+8129 360 376
+8130 203 222
+8131 372 396
-8133 538 551
+8135 186 209
-8137 517 536
-8138 335 359
+8140 411 424
+8142 283 288
-8152 95 131
+8155 100 137
-8156 217 225
-8157 359 373
+8172 335 357
-8173 534 547
-8177 406 444
+8180 218 232
+8185 333 358
+8186 386 397
+8199 453 501
+8201 145 167
-8206 545 571
+8207 469 483
+8216 171 205
-8218 494 503
-8220 503 515
+8224 269 281
-8227 237 269
+8230 168 192
+8231 562 587
-8233 311 359
-8234 388 426
-8236 359 371
-8237 425 453
-8243 504 534
-8245 233 269
-8247 198 212
-8249 219 231
-8250 295 315
+8251 283 307
+8253 67 92
+8254 457 487
+8255 102 136
+8256 360 382
+8257 282 293
+8258 1 22
+8259 476 495
+8262 153 178
-8267 283 292
+8268 467 483
-8269 22 28
-8281 269 289
+8283 509 545
+8291 4 19
-8300 425 454
-8303 454 477
+8304 323 358
+8307 503 523
+8309 1 39
+8310 247 269
-8313 388 415
-8314 134 153
+8315 526 536
-8318 331 359
-8328 361 408
+8330 161 177
+8332 269 297
+8336 159 175
+8337 280 286
+8338 106 162
-8339 288 358
+8343 535 585
+8344 319 330
+8345 33 64
+8346 124 194
+8348 494 503
+8351 1 19
+8352 8 58
+8354 420 464
-8357 85 95
+8359 362 395
+8361 517 533
-8362 126 162
+8363 269 288
-8364 412 432
-8366 275 294
+8367 316 335
-8372 319 335
-8373 581 598
+8377 548 571
-8379 59 68
-8380 245 269
+8381 246 269
-8382 373 394
-8383 175 186
-8384 87 95
+8385 223 253
-8386 129 146
-8387 143 153
-8388 165 186
-8393 283 294
-8408 406 420
+8426 424 463
+8430 488 515
-8440 501 523
-8441 468 500
+8446 359 367
+8447 517 537
+8449 240 257
+8450 562 593
+8452 53 106
+8455 406 420
+8457 185 224
+8461 558 578
+8462 405 420
-8463 217 225
-8464 183 205
+8469 180 208
-8470 378 432
+8471 305 322
-8472 229 245
-8473 316 331
+8474 239 269
-8476 46 77
-8477 234 269
-8478 490 507
-8479 251 269
-8481 310 338
-8482 81 93
+8485 572 591
-8487 15 39
+8489 102 148
-8491 560 584
-8494 501 523
-8495 392 415
-8511 563 577
-8514 240 269
-8515 95 149
-8525 286 293
-8535 491 535
+8540 218 231
+8543 269 287
-8545 387 408
+8549 218 256
-8553 64 98
+8555 269 280
+8556 1 18
+8558 360 390
+8562 286 315
-8564 524 535
+8567 570 586
+8568 504 540
+8570 184 213
-8571 159 187
+8574 145 177
-8575 87 95
-8576 72 89
+8578 120 142
-8585 94 102
+8586 483 515
-8588 452 475
-8589 187 200
-8590 248 258
+8592 526 536
+8593 500 521
+8598 454 483
-8599 529 548
+8603 560 584
+8604 53 82
-8606 291 315
-8609 281 294
-8628 360 387
+8629 91 151
+8630 482 537
-8631 558 572
-8632 423 483
+8636 217 226
-8638 316 337
-8640 464 497
-8647 7 38
+8648 361 394
-8649 170 187
+8650 477 530
-8651 223 237
+8655 457 487
-8659 400 428
-8660 246 269
+8662 502 535
-8663 291 331
+8667 214 223
-8668 43 55
+8671 571 594
+8672 481 495
-8673 382 404
-8675 83 97
+8678 124 152
-8686 270 279
-8690 340 359
-8695 313 358
+8697 436 483
-8698 48 83
-8699 52 75
-8701 314 352
+8703 505 533
-8705 360 384
-8707 430 466
-8712 476 493
+8713 244 253
+8714 425 440
+8716 523 539
-8717 167 185
+8718 149 163
+8719 138 153
+8733 95 110
-8735 340 347
-8736 63 94
-8737 269 295
+8738 237 268
-8743 562 589
-8745 294 315
-8753 497 507
+8757 437 453
-8758 416 450
-8759 488 514
+8761 503 515
-8766 429 449
+8769 563 584
+8770 314 358
-8776 411 435
+8777 307 359
-8778 175 188
-8780 195 227
+8783 360 380
+8784 94 101
+8785 586 594
+8787 66 93
-8789 551 594
+8790 73 89
+8792 39 61
+8797 547 585
+8798 187 207
+8799 93 105
+8801 27 45
+8803 442 465
-8805 425 476
-8806 486 499
-8807 367 383
+8809 79 85
+8812 470 497
-8814 587 598
-8815 233 269
+8819 154 194
-8820 414 451
-8825 93 106
-8837 114 137
+8839 532 543
-8850 246 262
+8851 299 315
+8852 90 99
+8853 79 121
-8854 270 279
+8866 102 128
+8877 555 566
-8886 360 396
-8889 407 454
-8891 136 173
+8893 428 486
+8895 333 358
-8897 487 501
-8899 269 282
+8900 494 508
+8901 435 453
+8908 184 223
-8910 425 463
-8911 240 269
+8912 429 460
+8915 34 64
-8916 1 28
+8918 317 331
-8921 326 359
+8924 66 94
-8931 454 476
-8933 233 269
-8934 155 207
+8937 399 420
-8941 438 470
+8946 18 66
+8949 53 66
+8950 55 72
-8951 240 269
-8953 1 21
+8954 388 413
-8955 566 585
-8961 194 214
-8962 411 426
-8963 505 526
+8968 176 186
+8973 129 200
-8974 291 313
-8981 15 55
+8983 2 35
-8986 94 102
+8992 16 37
+8993 301 320
-8995 184 200
-8996 473 523
+9001 95 153
-9002 239 269
+9003 503 515
-9004 219 269
+9005 416 427
-9007 129 156
-9008 132 151
+9012 181 207
-9014 162 180
+9018 29 47
+9019 144 156
+9023 568 577
-9024 339 359
+9028 269 282
-9029 55 73
-9030 501 534
-9031 131 200
+9032 561 577
+9033 1 23
-9034 20 56
-9035 409 429
-9036 502 541
+9037 319 349
-9038 162 182
+9040 361 397
+9041 486 499
+9042 237 260
-9044 406 424
+9045 360 393
+9046 81 93
-9047 567 586
+9049 283 300
+9050 178 195
+9053 377 402
-9054 558 589
-9056 82 102
+9058 283 295
-9059 316 359
+9060 360 372
-9061 360 368
-9065 560 571
-9066 483 526
+9067 192 222
+9069 359 393
+9070 503 522
+9071 302 318
+9072 360 373
-9073 368 402
-9074 33 52
+9081 501 508
-9092 408 447
+9093 66 93
+9097 20 51
+9100 417 487
-9106 96 122
+9109 269 277
-9110 495 523
-9113 170 196
-9136 501 523
-9137 1 31
-9139 64 84
-9142 504 530
+9143 79 94
+9148 227 245
+9150 360 382
-9152 332 348
-9154 360 383
-9156 149 180
-9157 330 349
+9158 218 241
-9161 318 359
+9163 389 432
+9165 4 28
-9166 225 244
-9169 450 476
+9175 150 178
-9178 329 359
+9184 489 502
-9193 482 488
-9214 7 40
+9222 529 559
-9226 17 36
+9227 430 476
+9229 392 447
-9232 288 303
+9234 233 244
-9235 187 207
-9236 283 359
+9237 269 282
-9238 1 19
-9240 83 99
-9241 536 595
-9242 502 528
-9257 19 26
+9259 164 182
+9260 433 454
-9261 476 497
+9263 294 346
-9264 310 358
-9266 360 366
-9267 185 214
-9269 187 216
+9272 394 416
-9273 68 87
+9274 102 145
-9275 14 51
+9276 411 460
+9279 360 371
-9282 293 315
+9283 311 323
+9284 572 585
-9285 1 26
+9286 79 93
+9289 27 67
+9291 431 476
+9292 411 452
+9293 138 171
-9297 150 183
+9299 477 494
-9314 240 269
+9315 378 396
-9319 56 86
-9320 242 265
+9321 220 269
+9323 66 94
+9325 451 486
+9326 19 33
+9334 474 498
-9337 280 289
-9340 297 315
-9341 318 358
+9342 133 151
-9345 403 416
-9346 206 218
+9351 1 80
+9357 269 282
+9362 168 208
+9367 223 242
+9369 48 84
-9370 504 515
+9372 534 549
-9373 360 374
-9375 291 314
-9377 145 166
-9383 487 503
+9384 423 443
+9385 1 35
+9386 332 358
-9387 452 473
+9389 490 515
-9390 21 61
-9395 53 83
-9396 136 168
-9398 378 401
+9399 364 387
-9403 454 483
+9405 411 424
-9406 32 49
+9419 251 269
-9420 361 387
-9422 366 390
-9428 452 476
+9431 1 43
-9437 586 593
-9439 55 79
-9447 274 284
-9453 562 585
-9454 100 148
-9458 81 105
+9461 489 524
+9463 332 358
-9464 360 417
-9467 273 294
+9468 359 378
-9469 269 281
-9470 495 513
-9472 316 359
-9473 556 584
+9475 97 151
-9477 154 182
+9478 528 571
-9480 531 567
-9481 95 110
-9485 25 39
+9488 269 280
+9491 74 94
+9492 553 585
+9493 21 51
+9496 227 255
+9497 20 42
-9498 238 269
+9499 246 269
-9503 322 359
+9507 505 534
-9508 46 76
+9509 232 238
+9510 269 285
+9513 447 466
-9515 491 504
+9517 233 255
-9519 293 313
-9527 454 481
+9528 398 465
-9529 170 186
+9534 360 369
-9546 277 303
+9547 362 369
+9550 362 367
+9551 382 464
-9553 487 524
+9555 273 332
-9562 514 539
+9563 247 269
-9564 424 435
-9565 360 373
+9566 195 209
-9572 158 173
-9573 330 359
+9574 223 234
+9576 543 559
+9577 64 89
-9578 269 287
+9579 124 147
+9581 200 246
+9583 200 214
+9584 523 547
+9585 207 239
-9586 52 79
-9587 549 582
-9588 505 527
+9590 491 526
-9592 367 417
-9593 44 63
+9595 587 594
-9596 39 81
+9597 111 134
+9599 248 268
-9600 138 144
-9601 495 532
+9604 169 185
-9605 456 483
-9606 204 221
-9607 158 188
-9610 307 324
+9611 79 87
-9613 378 403
+9617 367 387
+9619 303 334
+9629 178 214
+9632 559 593
-9637 31 102
-9653 551 562
+9658 565 582
+9659 298 321
+9661 271 282
+9662 269 283
-9663 420 449
+9666 294 317
-9669 161 200
-9671 270 290
-9672 270 293
+9674 418 432
+9676 232 246
+9677 433 455
+9678 4 36
-9680 501 528
+9684 363 396
-9686 23 72
+9688 300 349
-9690 361 372
+9693 158 179
+9694 85 121
+9695 457 476
+9696 20 37
+9698 328 359
+9699 477 501
-9706 239 248
+9720 316 333
+9721 237 269
+9724 474 488
-9730 209 218
+9749 543 570
+9754 404 444
+9755 474 504
-9758 408 436
-9761 434 451
-9762 244 269
-9763 505 527
+9765 87 98
-9768 163 175
-9769 569 590
-9770 560 571
-9771 27 58
+9773 561 584
+9774 38 82
+9775 278 290
+9776 288 335
+9781 478 500
-9782 373 396
+9783 1 44
+9784 206 218
-9785 413 430
+9786 269 296
-9788 380 417
-9789 406 424
-9790 47 70
-9791 561 583
+9792 269 293
+9793 93 142
+9794 79 92
-9796 288 295
+9799 71 85
-9800 455 485
-9801 523 549
-9802 326 359
+9803 334 358
-9804 145 170
+9805 219 238
+9806 236 248
+9816 414 476
-9818 222 269
+9819 453 493
-9834 45 67
+9838 271 289
-9840 315 359
-9841 524 539
-9842 552 572
+9852 545 577
-9853 364 381
+9858 218 227
-9859 315 358
-9861 270 295
-9862 315 359
+9863 433 452
+9866 504 527
-9867 247 269
-9870 26 52
+9874 396 413
+9876 511 540
-9877 105 127
-9878 318 359
-9880 497 527
+9883 523 545
+9884 225 247
+9885 541 554
-9886 505 545
+9887 24 65
+9889 404 432
+9890 275 290
-9891 291 319
+9894 582 597
-9895 278 285
+9897 378 394
+9905 285 358
+9908 214 235
+9913 235 260
-9916 554 573
+9917 306 359
-9924 543 552
-9925 118 129
-9927 59 86
-9935 405 430
+9936 302 332
-9937 384 399
+9939 519 570
+9942 428 493
+9943 539 560
+9944 85 95
-9946 469 483
-9949 249 266
+9952 269 286
-9955 217 237
+9956 3 25
+9957 428 490
-9958 217 235
-9959 549 585
-9960 204 221
-9961 165 212
-9963 102 126
+9965 500 515
+9966 581 589
+9967 426 470
-9968 286 312
+9969 246 256
+9971 559 591
-9973 39 65
-9974 168 186
-9976 287 316
+9977 497 537
+9978 374 404
-9979 560 576
+9982 371 388
-9983 483 515
-9984 158 201
+9985 471 494
+9986 535 549
-9987 455 477
+9989 508 537
+9991 59 87
+9993 201 217
+9994 283 303
+9996 310 333
-9997 237 248
-9998 388 406
-10000 76 87
+10001 269 278
+10002 523 535
+10003 102 121
+10007 96 134
+10017 454 474
+10022 269 287
+10025 270 288
+10026 231 255
-10028 86 101
+10030 500 577
-10036 270 288
-10044 74 95
-10050 362 381
+10052 230 239
-10054 519 543
+10055 5 58
-10056 501 523
+10057 217 232
-10058 76 93
-10059 523 556
+10061 204 217
-10063 313 321
+10064 316 358
-10065 237 269
+10066 122 143
+10067 435 470
-10069 366 408
+10071 271 284
+10073 502 515
+10080 202 238
-10081 437 469
-10082 217 236
-10084 369 389
+10101 444 503
+10102 360 372
-10106 270 287
-10115 429 484
-10116 246 269
+10120 237 252
+10128 231 244
+10129 93 102
-10134 409 449
-10135 83 137
+10137 102 121
-10143 221 269
+10146 83 89
-10148 547 561
+10153 66 87
-10157 269 289
+10160 397 415
+10162 389 405
-10171 503 515
-10172 462 481
+10173 392 421
-10177 140 155
-10180 140 177
+10182 90 99
+10184 506 535
-10185 303 333
+10186 576 586
-10189 381 398
+10192 321 330
-10196 275 294
+10198 506 525
+10200 570 586
-10204 153 183
-10209 385 408
+10211 377 395
+10214 53 65
+10216 473 493
-10224 374 409
+10225 488 505
+10227 586 594
-10229 525 543
-10234 461 501
-10241 418 473
-10246 321 356
+10251 471 498
+10253 138 151
-10255 497 511
+10258 242 268
-10259 360 369
+10263 208 258
-10264 561 579
+10265 433 451
-10267 339 359
-10272 233 244
+10276 16 40
+10282 526 559
-10283 87 120
-10285 474 493
-10288 31 47
-10290 367 390
+10291 62 80
-10294 48 84
+10297 581 592
-10300 388 416
-10301 273 288
+10302 504 523
+10303 300 350
-10304 365 379
-10309 522 544
-10310 398 427
-10314 239 269
+10317 494 513
-10319 158 193
-10326 556 566
-10328 270 279
+10329 360 375
+10333 437 449
-10335 176 193
-10350 549 561
+10351 133 148
-10352 360 406
-10353 126 137
-10362 363 406
+10364 219 266
-10366 196 227
+10367 232 239
-10371 484 512
+10375 203 225
+10376 465 481
+10378 469 484
-10379 149 206
-10380 270 290
+10381 59 95
+10383 586 594
-10386 566 589
+10387 313 359
-10393 404 416
-10394 173 186
-10395 294 320
-10396 269 278
+10398 66 86
+10401 176 202
+10403 481 500
+10406 482 503
+10408 8 27
-10409 234 247
-10414 417 435
-10417 62 82
-10418 294 321
+10421 315 359
-10422 277 297
+10425 422 432
-10426 15 52
+10428 302 319
-10429 541 561
-10432 360 373
-10433 8 37
-10437 80 94
-10439 578 586
-10441 363 373
+10442 217 235
-10445 16 36
-10446 503 525
+10448 102 131
-10451 559 571
-10452 284 293
+10465 504 554
-10466 98 122
+10467 443 511
-10471 360 409
-10475 283 325
+10487 137 165
+10489 578 586
-10504 270 316
+10506 531 559
-10511 293 300
+10512 360 402
+10513 533 559
-10522 321 333
-10529 549 583
-10530 502 526
+10531 75 86
+10533 269 285
-10534 293 359
-10535 93 102
-10538 527 545
+10541 442 465
-10542 360 376
-10548 425 464
+10554 393 423
+10557 381 397
+10559 269 287
+10568 201 216
-10571 360 368
+10574 275 284
-10586 206 238
-10602 388 398
-10607 94 102
+10609 53 65
-10612 514 544
-10614 149 202
+10618 333 358
-10620 344 359
+10623 298 338
-10627 502 519
+10633 500 526
-10634 94 140
+10637 269 308
-10640 462 487
+10642 73 84
+10651 86 102
-10655 239 269
+10659 269 306
+10662 360 368
+10663 139 180
-10664 221 237
-10666 303 359
+10671 1 26
-10673 90 134
+10677 11 19
+10679 523 554
-10681 242 253
+10682 172 185
+10683 396 404
+10685 95 115
-10687 495 523
+10688 360 371
-10697 494 506
+10701 300 317
+10704 98 118
+10709 200 213
-10718 270 280
-10719 536 586
-10728 176 202
-10757 283 306
+10758 56 97
-10759 387 401
-10761 402 416
-10762 1 19
+10766 177 219
-10771 43 65
-10772 396 442
-10775 63 93
-10776 93 137
-10777 543 560
+10779 361 407
+10781 384 435
+10787 24 60
-10790 535 584
+10792 573 595
-10793 83 92
-10795 244 268
+10796 55 82
-10798 578 598
-10799 171 186
+10800 269 285
-10802 286 293
-10803 62 82
-10804 531 549
+10805 538 569
+10807 476 503
-10808 527 545
+10809 332 358
-10810 136 151
+10811 501 522
+10813 545 585
+10816 563 587
-10817 217 239
-10819 219 232
-10820 321 359
-10822 483 501
+10823 1 20
+10824 281 296
-10825 289 314
-10827 453 473
+10828 476 491
+10831 388 403
-10834 340 359
-10843 371 404
-10844 560 584
+10845 386 411
+10846 23 48
-10847 90 116
-10851 21 61
+10860 1 65
-10861 433 533
-10862 316 332
-10870 499 523
+10875 474 502
-10880 373 397
+10884 472 533
+10891 322 356
-10892 227 242
+10898 466 489
-10900 466 476
+10901 179 226
-10902 342 357
-10911 233 248
-10912 233 269
-10914 361 373
+10915 360 369
-10917 378 403
-10920 234 257
+10925 304 328
-10926 505 553
-10928 66 94
+10933 523 538
-10935 230 251
-10938 289 316
-10940 289 317
-10941 100 137
+10942 177 208
-10947 330 358
-10952 339 359
-10954 247 268
+10955 278 287
-10967 117 155
-10969 60 130
-10973 22 39
+10979 81 106
+10980 83 95
+10981 39 62
-10986 524 561
-10991 24 39
-10992 105 134
+10995 294 333
+11000 269 279
-11009 211 269
+11011 296 317
+11022 497 512
-11025 501 515
+11032 206 224
-11033 269 280
-11034 11 43
+11037 570 585
+11038 361 387
-11040 282 291
+11043 505 530
+11047 68 92
-11048 587 596
-11049 285 323
+11051 390 424
+11052 3 12
+11055 227 255
-11056 29 66
-11057 282 288
+11060 168 198
-11061 339 358
+11062 198 216
+11065 405 430
+11066 170 182
-11067 496 519
+11069 1 20
-11071 512 534
-11073 486 502
-11075 233 245
-11076 247 269
-11078 549 562
+11093 398 422
+11094 214 223
-11095 394 429
-11097 200 214
-11098 481 493
+11100 143 168
+11107 360 375
-11109 414 487
+11112 363 422
-11113 165 198
+11114 148 171
-11115 329 359
+11118 519 558
+11120 247 251
+11121 552 573
+11122 120 142
-11123 538 559
+11124 469 500
-11125 288 318
-11127 138 176
-11128 188 213
-11130 200 238
+11134 450 476
+11135 316 359
-11137 213 244
+11139 183 200
-11140 339 357
-11141 218 226
-11145 403 417
+11148 504 544
+11149 1 28
+11153 586 592
+11154 269 302
+11156 360 390
-11158 444 467
+11162 560 572
-11166 572 587
-11167 108 129
-11168 301 316
-11171 362 406
-11174 367 398
-11175 316 358
+11176 462 473
-11177 238 269
+11179 196 222
+11180 457 482
-11182 322 359
+11183 360 381
+11191 531 547
-11193 291 311
-11195 537 548
+11205 468 493
+11206 246 253
-11207 373 390
-11210 586 598
+11212 326 349
-11218 360 373
+11224 283 296
-11229 220 235
+11231 417 441
-11241 427 452
-11243 93 102
-11279 486 515
-11281 502 518
+11284 79 91
+11285 198 219
+11292 425 472
-11293 242 265
+11295 464 489
-11296 161 183
-11297 328 359
-11299 551 582
-11303 107 144
-11307 191 206
-11309 543 569
+11313 476 501
+11316 114 137
+11318 338 359
-11320 361 372
-11321 269 282
-11322 445 477
+11323 373 403
+11324 214 225
+11327 40 61
+11328 322 349
-11329 372 393
-11332 158 172
+11334 117 134
-11345 218 242
-11346 360 404
+11348 238 246
+11349 454 489
-11363 124 137
-11368 523 593
-11371 511 558
+11375 269 327
-11380 235 269
+11382 474 511
+11383 102 127
+11390 298 325
-11391 270 282
-11393 534 561
+11398 79 92
-11400 270 278
-11402 361 373
+11403 370 390
+11405 172 198
-11408 242 255
+11411 460 477
-11413 38 59
-11414 7 24
-11417 277 293
-11418 270 311
+11419 275 297
+11422 437 459
-11423 3 28
+11426 531 546
+11427 161 182
-11428 308 329
+11429 161 175
-11430 90 127
+11431 46 83
+11432 1 34
-11434 14 27
+11435 233 266
-11436 154 169
-11437 328 359
-11438 204 221
-11439 490 515
+11441 502 530
-11442 32 61
-11444 578 592
-11448 334 359
-11456 587 596
-11465 286 321
+11466 132 145
+11467 107 134
+11468 417 430
+11469 408 465
+11471 323 358
+11477 137 214
+11478 86 93
-11483 46 106
-11485 515 553
+11499 478 493
+11507 269 294
-11509 564 581
-11524 20 34
+11534 384 396
-11539 91 122
+11541 547 560
-11546 68 86
-11551 429 453
+11554 35 58
-11555 273 287
+11557 531 559
-11561 477 489
+11562 209 216
-11563 168 184
-11564 143 178
-11565 374 403
-11567 148 195
+11568 481 515
-11573 392 431
-11574 237 265
+11575 273 280
-11577 273 302
-11579 532 554
+11583 61 86
+11584 294 325
+11586 586 592
+11587 396 416
-11591 360 371
+11594 321 347
-11599 23 39
-11610 529 537
+11611 143 224
-11614 96 127
+11619 62 95
+11626 396 416
-11628 85 121
+11630 291 319
+11631 102 183
+11632 360 375
+11633 186 200
-11634 283 302
+11635 339 359
-11639 308 323
+11640 551 561
+11642 487 559
-11654 270 281
+11655 298 316
+11656 575 584
+11658 565 577
-11659 269 294
-11660 48 82
+11661 124 190
+11662 20 33
-11664 273 294
+11667 111 132
+11670 18 45
-11671 361 374
+11672 477 500
+11673 214 255
-11674 1 27
-11677 219 232
-11679 582 591
+11680 360 369
+11682 318 359
+11683 423 449
-11685 1 35
+11686 185 214
-11687 554 565
-11689 287 316
-11690 388 409
-11692 283 305
-11693 140 173
-11695 462 484
+11696 18 42
-11698 283 300
+11700 149 176
+11701 505 533
+11705 219 235
-11708 179 200
-11711 490 501
+11721 451 466
+11722 541 559
-11725 430 487
-11731 238 269
+11735 283 289
-11740 511 523
-11741 488 528
-11746 311 359
-11748 187 205
-11765 187 200
+11766 73 112
+11767 163 182
+11771 186 218
-11772 360 369
+11776 65 93
-11777 295 359
+11778 1 46
+11784 83 97
-11786 360 373
+11787 232 269
+11788 72 93
+11790 332 355
+11793 452 465
-11794 251 269
+11795 474 484
-11799 107 137
-11802 114 134
+11807 197 212
+11808 189 218
+11809 161 189
-11811 269 282
+11813 407 430
+11815 271 281
-11820 158 175
+11821 359 365
-11823 101 120
+11834 392 405
-11839 311 338
+11844 198 214
+11846 150 179
+11851 79 86
+11859 316 342
-11872 290 359
-11875 560 571
-11884 269 293
-11885 466 487
-11887 19 65
-11888 248 269
+11895 339 359
-11899 472 530
-11900 200 213
+11902 418 446
-11903 79 89
+11904 554 589
-11910 305 323
+11912 501 513
+11918 576 592
+11923 198 207
-11924 535 575
-11926 558 582
+11928 569 587
-11931 482 503
+11932 551 571
+11934 8 34
+11937 281 299
+11939 362 395
-11940 104 115
-11947 47 72
-11948 22 47
-11951 504 523
+11953 571 585
-11965 408 428
-11975 535 566
-11978 134 153
-11979 545 581
-11998 488 499
-12000 428 450
-12014 132 161
+12016 95 140
-12017 570 594
-12018 531 547
-12020 23 43
+12032 426 495
+12036 570 582
+12039 87 106
-12040 553 569
-12042 573 589
+12043 20 39
+12044 330 354
-12045 94 123
-12047 411 441
-12048 360 411
-12053 431 451
+12054 65 92
+12056 316 358
+12060 482 501
+12066 197 219
-12067 144 166
-12068 322 359
-12069 246 269
-12070 452 477
+12074 247 269
+12081 245 258
+12095 180 233
-12099 490 504
+12103 139 154
+12112 74 86
+12132 2 19
-12134 93 102
+12144 312 358
+12153 79 93
+12154 549 579
-12158 191 201
-12161 476 500
-12162 446 499
-12165 270 282
-12168 246 269
-12175 1 13
-12176 42 68
+12177 395 416
-12178 517 539
+12180 223 265
-12181 3 22
-12184 534 564
+12187 272 285
+12188 360 395
-12189 464 483
-12191 270 288
+12193 31 56
-12195 571 594
-12196 563 569
-12197 93 102
+12198 322 358
+12200 332 358
-12201 68 86
+12203 293 320
+12204 180 207
-12207 334 359
-12211 291 303
+12221 104 145
-12227 246 269
+12240 278 315
+12241 247 268
+12249 323 329
-12251 286 313
+12255 151 178
+12257 507 533
-12258 270 320
+12260 43 67
-12262 102 121
-12263 217 235
-12265 473 501
-12266 102 138
-12270 118 142
-12275 217 245
-12276 371 392
-12277 245 269
-12278 20 38
+12279 471 488
-12280 585 597
-12283 362 382
-12285 388 416
+12290 218 235
-12296 27 32
-12298 501 531
-12302 361 384
-12303 469 487
-12307 422 451
+12310 53 84
+12311 567 586
+12314 242 269
-12316 6 34
+12317 269 288
+12318 1 20
+12319 154 187
-12320 531 547
+12321 451 477
-12322 209 224
+12323 417 444
-12324 280 294
+12325 200 218
-12326 339 358
+12327 286 293
+12330 71 83
-12336 437 453
+12338 466 485
+12340 200 232
+12345 20 45
-12355 1 79
-12357 5 39
-12359 458 509
-12365 322 329
-12369 185 198
-12371 316 341
+12379 535 552
-12380 34 95
+12382 388 404
-12386 312 334
+12394 360 370
-12397 360 404
-12402 249 268
-12403 81 96
-12405 364 404
-12408 378 406
+12409 247 269
-12412 521 538
-12414 51 79
-12416 506 541
-12418 563 593
-12419 422 452
+12422 123 153
+12423 554 580
-12427 206 219
+12429 511 531
+12430 316 326
+12439 393 411
+12440 200 216
+12450 288 293
-12456 205 216
+12459 435 448
-12460 87 102
-12465 137 150
-12481 431 453
+12491 575 584
-12494 187 204
+12495 195 217
+12497 1 19
-12500 573 593
+12503 360 369
+12504 484 495
-12505 22 43
+12506 53 79
+12512 223 237
+12513 549 571
+12516 1 21
-12517 278 302
+12518 283 313
-12520 269 285
+12521 488 496
-12522 130 167
+12523 247 268
-12524 144 177
-12526 554 576
+12527 269 279
-12528 204 218
+12547 291 347
-12548 394 446
+12574 270 285
+12576 360 367
+12582 1 78
+12583 269 358
-12588 104 112
+12589 421 476
-12593 68 86
-12594 48 86
+12597 75 122
+12599 1 42
+12602 388 398
+12609 151 182
+12613 431 465
+12614 102 128
-12615 79 94
+12616 360 387
-12617 303 329
-12618 307 358
+12620 1 19
+12621 183 200
-12623 285 302
+12624 407 425
-12625 482 493
-12626 79 92
+12627 454 493
+12629 131 156
-12630 431 449
-12631 397 430
+12632 223 247
-12633 305 328
+12635 450 477
-12637 417 439
-12638 543 562
+12639 136 148
-12641 363 372
-12643 171 183
+12647 360 384
+12652 318 359
+12653 227 240
+12664 27 102
+12666 339 359
+12673 395 414
+12679 230 268
-12684 330 353
-12685 217 222
+12686 122 137
-12697 532 553
-12702 238 250
-12704 79 93
-12705 271 284
+12706 502 508
+12710 415 442
-12711 20 72
+12716 28 48
-12717 389 425
-12720 527 543
-12722 244 268
+12725 360 382
-12726 120 143
+12731 285 296
+12732 269 281
+12751 129 151
+12752 426 443
+12767 476 501
+12770 238 261
-12771 102 129
+12774 484 530
+12778 293 345
+12781 476 526
-12783 143 186
-12789 400 416
-12794 359 373
+12795 20 50
+12799 321 358
+12802 526 547
-12803 409 444
+12804 490 501
+12805 164 189
-12806 453 475
+12808 397 425
+12810 455 484
+12811 501 534
+12813 360 388
-12814 283 301
-12816 20 42
-12817 455 470
-12820 55 77
+12822 549 571
-12825 511 540
-12827 15 42
-12828 578 594
-12829 394 416
-12838 219 245
-12839 132 151
+12840 318 359
-12842 554 570
-12843 216 227
+12844 501 545
-12847 555 569
-12851 293 313
+12852 227 268
-12857 216 224
-12858 503 541
-12859 494 515
+12862 439 482
-12864 93 102
+12870 478 493
+12879 53 92
-12881 246 269
+12882 1 31
-12884 168 184
+12888 543 562
-12890 333 359
+12892 476 488
+12894 478 493
-12897 94 102
+12898 226 269
-12899 280 339
+12900 541 571
-12901 535 569
-12904 270 294
+12906 8 27
+12907 158 178
+12908 55 87
+12909 362 377
-12910 389 413
+12913 454 484
-12914 368 386
+12915 154 183
+12917 507 531
-12921 468 494
+12923 471 496
-12925 393 408
-12929 94 117
+12930 497 505
+12931 269 281
-12932 503 519
-12934 23 39
+12935 245 255
+12936 297 315
+12937 523 534
+12938 515 528
-12947 384 401
-12951 270 281
+12952 535 597
+12956 51 68
+12958 526 551
+12964 223 237
+12966 364 381
-12968 1 16
-12970 203 224
+12971 27 49
+12973 489 503
+12975 534 566
+12976 389 408
+12977 545 567
-12983 333 349
-12984 67 80
+12985 375 440
-12986 360 376
-12989 453 473
+12992 493 529
+12993 281 287
+12994 519 537
-12997 100 137
+12998 19 29
-12999 85 128
-13002 66 92
+13003 500 531
+13007 443 453
-13008 83 89
-13014 555 568
-13015 207 225
+13016 447 491
+13017 580 586
-13018 528 562
+13019 301 354
+13025 384 402
-13036 81 89
-13037 269 288
+13041 501 551
-13046 270 315
-13048 425 440
+13051 238 269
+13055 404 422
-13059 504 534
-13060 459 474
+13068 374 397
-13069 94 102
+13071 360 430
-13076 473 540
+13077 2 20
-13078 128 144
-13079 240 265
-13081 270 282
-13084 431 464
+13085 296 356
-13086 326 358
-13089 82 102
-13090 488 499
+13091 317 342
-13094 138 153
-13098 179 209
+13099 360 380
+13106 124 176
+13107 536 584
+13108 384 413
+13109 294 350
-13111 467 501
+13113 339 359
-13114 306 359
+13115 517 549
+13118 570 587
-13119 169 184
-13120 318 359
-13121 163 183
-13122 39 81
+13123 560 575
-13124 504 541
+13125 100 116
+13126 138 153
-13128 406 443
-13129 504 523
-13130 360 379
-13137 55 79
-13138 466 484
+13140 272 282
+13142 360 366
+13146 333 358
-13153 139 161
-13157 4 22
-13158 138 174
+13160 551 578
-13161 136 151
-13162 33 56
-13164 431 453
+13165 437 501
-13175 573 586
-13177 319 358
+13181 562 571
+13185 269 289
-13198 300 327
+13199 59 73
+13206 156 212
+13218 192 200
-13234 378 420
-13235 517 539
-13238 53 79
-13239 316 332
-13240 449 475
-13244 328 359
-13245 362 408
-13247 223 245
+13248 23 61
+13249 94 101
+13250 158 179
+13252 295 310
-13254 487 504
+13258 103 128
-13262 238 258
+13263 360 376
-13264 491 522
+13265 406 435
-13266 304 347
+13267 561 571
-13269 477 501
+13271 223 245
+13273 563 585
+13282 523 534
-13284 424 435
-13298 20 62
-13299 460 469
-13300 224 266
+13301 201 223
-13302 374 424
+13303 59 112
+13306 136 155
+13307 501 541
-13312 462 483
+13315 219 239
-13317 70 94
-13318 279 312
+13327 1 29
-13329 186 216
-13333 207 227
-13335 396 435
-13336 436 460
-13337 380 398
-13339 583 594
-13342 573 598
+13343 500 537
+13345 571 592
-13347 583 598
+13349 371 387
-13350 231 255
+13352 269 287
-13354 67 86
+13357 300 321
-13358 284 309
+13359 416 438
-13360 276 288
-13362 454 465
-13364 329 358
+13365 476 492
+13366 39 69
+13367 269 291
-13369 487 500
+13370 360 399
+13372 293 313
-13373 270 290
-13374 237 249
-13375 163 177
+13376 185 207
+13379 134 163
+13380 11 38
-13381 571 591
+13387 102 128
-13388 444 466
+13393 151 155
+13419 1 25
-13420 568 586
+13425 505 526
-13430 65 111
-13435 123 146
+13440 106 139
+13458 2 16
+13466 18 46
+13473 523 540
+13474 326 350
+13492 339 358
-13498 64 83
-13499 538 594
-13500 288 317
-13503 482 496
+13504 463 482
-13505 22 49
-13506 343 359
-13508 219 234
-13514 195 210
+13517 172 198
-13522 233 242
-13523 89 127
-13525 291 318
-13526 579 590
+13530 240 246
-13532 1 19
-13535 280 300
-13540 584 597
-13551 388 400
-13572 384 409
+13574 369 430
-13575 565 589
-13577 93 102
+13592 37 62
-13605 529 544
+13606 560 577
-13609 563 598
-13615 269 283
+13618 87 95
+13624 305 332
-13627 307 356
+13628 548 562
-13633 393 409
-13634 471 512
-13637 554 569
-13643 107 133
-13644 232 250
+13645 571 595
+13646 128 148
-13647 79 89
+13648 501 522
-13649 202 211
-13650 129 134
+13652 192 217
-13653 93 129
+13654 523 536
-13657 499 515
-13659 408 423
-13661 247 265
+13662 201 218
-13663 239 269
-13666 172 195
-13667 244 269
+13669 304 338
+13670 29 53
+13671 314 335
+13672 303 325
+13673 79 116
-13675 87 94
+13676 517 560
+13679 270 290
-13680 62 85
-13682 404 430
+13685 20 47
+13686 77 94
+13687 489 508
-13689 281 300
+13700 560 569
-13714 192 216
+13724 230 242
-13725 1 27
-13726 360 443
+13732 306 327
-13733 213 229
-13737 560 572
-13745 302 336
+13748 184 241
-13750 166 200
+13754 547 562
+13757 548 569
+13763 430 451
-13765 345 358
-13772 96 128
+13773 1 27
-13775 390 398
-13777 500 527
+13778 39 62
-13780 523 556
-13784 580 589
+13788 154 198
+13789 270 286
+13790 409 435
+13793 269 293
+13795 269 281
-13799 488 493
+13802 571 591
-13805 75 86
-13810 572 589
-13844 369 387
-13845 137 162
+13846 2 27
+13847 7 39
-13848 528 549
+13849 392 409
-13858 186 239
+13863 281 288
-13866 422 446
-13870 201 216
-13896 476 501
-13900 450 462
+13903 269 291
+13904 228 266
-13911 3 26
+13914 378 403
-13916 221 245
-13919 270 291
-13923 360 383
-13937 247 269
-13945 322 359
+13948 5 24
+13960 209 224
-13969 488 508
+13976 555 576
-13977 484 501
-13981 201 217
-14016 272 282
+14017 464 487
+14022 217 225
+14024 547 562
+14028 269 347
+14037 158 200
-14038 104 131
+14043 19 47
-14046 370 408
-14047 253 269
+14051 359 373
-14052 44 71
+14055 415 470
-14058 319 336
+14060 213 229
-14061 384 398
-14065 500 507
+14066 454 473
+14068 362 373
-14071 121 181
-14074 240 269
+14075 295 315
-14081 1 25
+14082 173 186
-14083 270 278
-14088 182 198
+14089 246 267
+14090 558 594
+14092 568 592
-14096 251 269
-14098 221 232
-14100 505 545
-14102 282 313
+14106 200 216
+14107 386 398
+14109 310 349
-14116 62 87
+14117 102 144
-14118 411 443
+14120 232 248
+14121 517 539
-14127 180 202
+14131 364 387
+14133 320 339
-14134 51 63
-14145 269 289
-14146 270 287
-14147 298 347
-14151 217 269
+14155 576 587
+14159 328 358
+14176 307 359
+14178 536 574
-14181 107 134
-14184 269 278
-14185 522 598
-14189 102 134
+14192 359 393
-14195 454 496
-14200 180 213
-14202 183 200
-14203 551 585
-14210 214 235
-14213 519 534
+14217 371 409
+14218 180 221
+14219 316 342
+14220 3 26
-14226 311 337
+14229 63 87
-14231 270 280
-14232 329 359
+14233 158 178
+14235 223 238
-14237 273 299
+14238 269 284
+14243 241 268
-14244 32 51
+14249 269 288
+14250 298 332
+14252 200 220
+14253 66 92
-14254 143 160
+14258 55 80
+14262 269 281
-14267 216 220
+14283 129 154
-14284 409 426
+14286 360 394
-14291 456 493
+14302 360 369
-14305 295 315
+14311 269 288
-14322 290 351
-14328 337 358
-14330 198 216
-14333 1 19
-14340 547 561
-14345 3 25
+14350 155 175
-14354 15 51
-14359 130 153
-14360 360 394
+14361 271 289
-14363 434 461
-14365 84 137
-14367 362 374
-14370 523 544
-14371 489 500
+14373 442 487
+14374 153 179
+14375 359 388
+14377 478 501
-14380 545 572
-14381 535 553
-14386 75 93
+14387 79 93
+14391 8 27
+14394 269 280
-14395 388 404
-14409 408 431
+14410 573 586
+14411 158 191
+14412 156 174
-14413 532 554
-14414 288 313
-14415 53 65
-14417 523 548
-14425 411 443
+14440 582 598
+14446 360 379
+14450 269 279
-14461 522 559
+14463 223 255
+14465 382 415
+14470 515 533
-14471 203 222
+14480 378 409
-14483 476 493
+14485 477 501
+14490 93 116
-14491 473 496
-14492 478 496
+14493 177 202
-14495 134 166
-14496 321 359
+14497 438 463
+14498 162 196
-14507 286 300
+14509 538 561
-14520 142 158
-14521 247 269
+14522 398 416
-14546 475 493
+14549 216 235
+14550 471 500
-14551 1 26
-14552 198 224
+14555 509 562
+14561 494 505
+14570 561 579
+14572 431 481
+14582 502 534
-14590 526 549
+14604 338 355
-14605 575 585
+14608 360 367
-14609 361 366
+14615 491 519
-14617 364 408
-14621 451 476
-14622 460 476
+14629 230 261
-14635 360 390
+14636 373 389
+14639 326 358
-14640 397 444
+14641 328 339
-14642 555 583
+14644 269 286
+14649 80 106
-14651 388 411
-14652 438 465
-14653 232 255
-14654 529 551
+14657 93 123
+14658 107 134
-14659 216 227
-14684 554 567
-14685 95 156
-14686 361 418
-14687 394 453
+14693 200 215
-14699 387 420
-14708 454 472
+14711 486 496
-14716 83 113
-14718 553 571
+14724 130 154
+14725 505 523
+14730 244 260
-14739 545 554
-14740 476 492
+14745 497 514
+14746 459 463
-14747 371 404
+14749 269 279
-14754 497 516
-14755 269 291
+14758 219 237
+14759 246 268
+14760 548 571
+14764 102 127
-14766 578 593
-14768 273 287
-14773 246 269
+14775 427 453
-14776 395 429
-14777 238 269
+14780 138 158
-14782 136 167
+14783 273 287
-14806 181 195
-14807 198 244
-14813 311 323
+14820 528 541
+14833 561 583
-14835 240 269
+14836 428 443
-14837 488 499
-14841 491 501
+14843 386 404
+14845 501 522
-14853 282 294
-14854 547 562
-14860 273 285
+14862 498 531
+14864 398 451
-14867 188 216
+14868 222 256
-14870 360 384
+14873 114 136
+14876 431 455
-14880 500 524
-14882 216 224
+14883 163 201
-14885 40 59
-14888 455 476
+14890 467 482
+14898 549 572
+14902 472 493
-14904 73 95
+14905 84 106
-14906 494 519
-14908 273 290
-14910 502 523
+14911 172 198
-14912 89 108
-14914 494 505
+14916 359 368
-14929 452 484
+14930 378 411
+14931 295 339
-14935 186 209
-14939 1 44
-14940 388 421
+14947 122 159
-14951 294 316
-14953 504 526
-14957 271 308
-14962 363 411
+14966 58 68
+14967 496 521
+14969 501 523
+14976 360 390
+14977 285 325
-14981 478 489
-14984 361 367
-14987 52 84
+14988 436 452
+14989 482 527
-14993 316 358
-15001 437 469
+15005 149 208
-15006 585 596
+15007 325 358
+15010 454 476
+15013 96 118
-15015 361 369
+15016 418 451
-15017 550 573
-15018 531 563
-15026 282 295
-15031 392 417
-15036 22 47
-15037 303 323
+15039 149 171
+15046 289 302
-15053 417 428
-15068 496 506
+15070 29 64
+15073 359 392
-15076 135 151
-15081 475 495
-15116 269 278
+15121 442 486
+15122 29 51
+15131 29 59
+15132 281 288
-15134 362 424
-15137 167 186
-15138 85 140
+15140 269 280
-15143 11 19
+15144 301 317
-15145 165 208
+15146 223 238
+15149 323 350
-15150 204 219
+15154 295 337
-15156 1 20
-15157 269 277
-15158 496 526
-15159 244 262
-15161 87 110
+15163 501 523
+15165 1 16
+15172 332 349
+15182 311 330
+15183 74 86
-15184 137 166
-15185 570 584
+15205 550 561
+15209 536 548
-15212 506 534
+15215 7 26
+15220 363 384
+15221 238 254
-15222 281 293
+15223 435 461
+15226 517 551
-15229 34 92
+15231 120 133
-15232 289 315
-15235 405 434
+15237 271 286
+15238 573 586
-15240 284 293
+15241 580 595
+15244 360 388
+15247 436 469
+15254 1 28
-15255 553 572
+15256 269 278
+15258 475 501
+15259 528 543
+15262 556 564
+15265 1 14
-15267 247 269
+15282 28 51
+15303 491 511
+15305 130 151
-15312 152 171
-15319 502 521
+15328 482 491
-15337 551 580
+15342 360 386
-15343 558 591
-15345 434 476
-15346 89 167
+15358 496 523
+15363 248 263
-15366 556 567
-15372 411 426
+15374 237 250
-15375 360 368
-15378 359 366
+15381 198 222
+15382 359 383
+15383 360 370
-15385 575 586
-15386 21 46
-15387 360 403
-15388 452 487
+15389 417 434
-15393 566 584
-15394 67 101
-15396 517 553
-15397 294 327
-15398 337 358
+15402 362 393
-15403 61 86
-15404 367 397
-15406 244 269
-15407 214 227
-15410 437 454
+15427 578 588
+15428 408 449
-15429 129 167
+15437 123 135
+15447 338 355
+15449 390 406
+15455 523 551
+15458 463 484
-15460 1 19
-15463 269 286
-15466 314 359
+15468 310 335
+15479 65 102
+15480 3 33
+15484 447 465
-15486 454 495
+15488 270 287
+15489 123 134
-15492 532 564
-15495 478 491
+15497 524 549
+15498 271 297
+15499 195 208
+15501 29 65
+15502 522 540
+15505 120 137
+15507 406 426
+15508 319 340
+15509 62 93
-15511 427 447
-15513 162 200
-15516 511 548
-15518 289 319
-15522 79 94
-15525 251 269
-15526 378 396
+15531 102 125
+15532 509 527
+15533 182 197
+15555 288 293
-15557 271 279
+15558 169 186
+15560 230 257
+15566 547 561
+15572 8 62
+15573 194 213
+15574 361 397
+15576 470 527
+15578 45 82
+15579 246 269
+15580 286 318
-15584 184 197
-15587 216 230
+15589 501 523
-15590 565 586
+15593 397 413
-15597 332 347
-15601 394 408
-15602 132 148
+15604 388 399
+15607 277 294
+15612 551 585
+15613 28 52
-15614 148 190
+15615 571 587
-15616 53 82
-15617 295 359
+15621 553 570
+15622 244 269
+15623 244 268
+15625 200 218
-15627 282 288
-15632 364 384
+15633 536 563
-15635 470 486
-15637 251 277
-15638 477 493
+15639 429 454
-15675 270 288
+15682 172 188
+15691 7 19
+15694 395 437
-15695 291 312
+15700 23 44
+15701 274 285
+15702 6 21
+15710 277 356
+15713 1 31
+15714 305 359
+15721 493 505
+15722 521 536
-15726 579 587
+15727 482 495
-15728 548 589
-15729 526 580
+15730 120 155
-15734 453 502
-15736 247 265
-15738 86 106
-15742 436 454
+15744 472 484
+15748 13 32
+15749 230 238
+15750 95 125
-15751 146 183
+15755 152 183
+15760 270 284
+15761 167 180
-15764 239 248
-15767 271 281
+15769 295 312
-15778 148 180
-15779 496 569
+15780 132 144
-15786 333 358
+15790 535 596
+15791 431 469
-15795 583 594
+15797 218 268
+15798 313 322
-15799 85 116
-15802 270 293
+15804 139 173
-15805 453 472
-15806 84 116
-15808 233 246
+15812 177 189
-15813 360 387
-15818 488 517
+15820 177 189
-15822 249 269
-15824 283 300
+15828 180 218
+15830 333 358
+15831 396 414
+15832 250 269
-15838 182 208
+15839 223 248
-15840 185 200
+15848 1 19
+15850 364 390
-15851 364 387
-15853 414 430
-15860 342 358
-15861 544 559
+15862 93 102
+15863 583 587
-15880 586 595
-15881 216 229
-15882 291 317
+15888 20 51
-15890 360 377
-15898 192 214
-15900 291 323
+15901 82 92
+15903 417 433
-15909 177 192
+15910 100 122
+15911 303 325
-15918 111 137
-15919 360 414
+15920 93 102
+15923 269 333
-15926 225 247
-15927 288 357
+15930 488 504
+15937 296 358
+15938 563 575
-15943 226 242
-15944 270 285
+15945 562 571
+15950 79 86
+15951 515 541
+15953 474 493
-15955 83 99
+15956 125 150
-15957 482 501
-15958 523 535
+15960 240 253
+15967 339 356
+15970 490 503
-15977 364 430
+15978 339 357
-15979 26 38
-15980 270 285
-15986 192 269
-16003 307 318
-16009 100 148
-16011 200 218
-16012 465 472
+16014 49 66
+16016 269 291
+16017 415 475
-16018 504 540
+16024 136 177
-16028 172 230
-16031 316 359
+16032 494 505
+16034 97 111
-16038 572 589
+16039 28 58
-16041 297 331
-16044 375 394
-16045 94 124
+16053 31 52
-16057 156 176
+16059 187 216
+16062 388 427
-16063 486 503
-16064 476 494
+16067 168 182
+16107 361 369
+16111 132 188
-16113 562 577
-16141 219 248
-16151 319 357
-16156 82 93
+16157 367 397
+16164 73 92
-16172 328 359
-16174 407 424
-16184 126 165
+16186 22 56
-16190 136 169
-16192 360 367
+16200 130 146
+16201 466 494
+16202 219 251
+16203 277 287
-16204 492 502
+16217 236 269
-16222 37 65
-16227 80 107
-16229 360 366
+16235 430 447
-16236 273 279
-16241 58 93
-16245 477 487
+16247 91 169
+16254 71 83
+16260 247 268
+16265 2 24
-16267 1 19
+16269 535 548
+16270 360 387
-16271 72 89
-16273 393 425
-16274 532 547
-16275 362 382
+16276 95 134
-16278 15 61
+16280 6 28
-16281 94 129
+16282 102 132
-16283 454 484
-16285 87 102
-16290 291 317
+16293 517 559
-16298 501 523
-16299 5 26
-16300 150 173
+16302 44 58
-16303 138 186
+16310 337 356
-16312 283 320
-16313 91 116
+16314 63 86
+16317 11 21
-16319 296 308
-16320 149 163
-16323 27 65
-16324 388 397
-16329 487 496
-16330 171 200
+16331 530 539
-16332 279 294
+16335 492 508
+16338 79 87
+16341 217 230
-16343 116 131
+16362 74 93
+16364 178 201
-16365 217 267
+16366 333 357
-16367 365 381
-16373 560 585
+16374 505 537
-16395 545 589
+16406 270 279
+16407 269 287
+16410 396 416
+16417 92 106
-16420 55 73
+16422 84 116
+16424 430 460
+16425 1 19
-16426 503 529
+16427 149 176
+16428 501 523
-16429 222 242
+16430 129 148
-16433 270 285
+16434 314 324
-16435 560 576
+16437 90 141
+16440 19 50
-16441 223 269
-16444 224 237
+16446 170 182
-16447 8 22
+16448 143 169
-16449 288 325
-16450 286 302
+16452 210 224
+16453 269 287
+16484 210 235
+16485 404 418
+16486 220 269
-16487 381 393
+16489 191 215
-16491 372 455
+16496 96 126
-16521 3 14
+16538 10 55
+16540 188 205
+16542 333 358
-16543 158 183
+16547 269 282
-16550 528 544
-16553 214 251
+16556 220 245
+16559 182 214
+16565 561 587
-16566 589 598
-16569 562 578
+16574 578 598
+16575 28 52
-16577 417 451
+16578 437 461
-16579 360 384
+16580 225 238
-16581 269 282
+16582 183 200
-16583 313 333
+16587 29 53
-16588 422 451
-16589 321 357
-16591 501 521
-16592 359 387
-16594 316 343
+16596 325 358
-16598 223 245
+16600 269 273
-16602 431 464
-16607 560 582
-16609 558 577
-16614 172 188
-16642 359 372
-16643 572 585
+16644 531 569
+16645 247 269
-16659 584 595
-16662 340 359
-16668 360 388
-16696 359 403
+16704 269 279
+16705 341 358
-16710 279 288
-16714 507 531
+16716 478 493
+16719 541 559
-16721 455 493
+16723 341 358
+16725 517 562
-16730 247 269
+16731 269 285
+16733 92 128
+16735 62 76
-16736 94 113
-16739 128 139
-16740 360 399
+16741 269 302
-16747 83 89
+16750 421 456
+16763 476 495
-16769 531 547
-16796 167 179
-16797 158 196
-16798 360 376
+16799 293 358
-16800 521 562
+16823 283 294
-16824 316 359
-16829 437 467
+16830 246 268
+16831 227 235
+16837 73 101
-16840 270 286
-16841 454 481
-16844 4 26
+16845 401 422
-16851 360 368
-16852 8 51
+16853 303 317
-16855 477 489
-16859 397 420
-16862 329 357
-16863 204 235
-16868 197 212
-16870 11 39
-16871 7 22
+16872 506 526
-16874 388 423
+16875 55 86
+16876 1 31
+16877 228 238
+16880 217 241
-16883 56 94
-16884 198 218
-16887 158 171
-16896 563 589
+16897 233 268
+16899 93 113
+16901 39 79
-16902 77 91
-16906 272 290
-16910 461 484
-16961 179 213
+16968 20 53
-16980 87 99
+16988 269 281
-16990 359 376
-16993 274 316
+16998 232 251
+17005 283 359
-17009 249 269
-17016 270 315
-17019 316 359
+17021 60 79
+17024 314 358
+17026 333 359
-17029 285 304
+17030 369 393
+17031 269 288
-17035 553 570
+17037 131 148
+17040 362 387
+17042 498 536
-17044 525 549
-17045 333 359
+17046 498 537
+17047 1 19
+17048 386 398
-17049 501 523
+17051 538 557
+17053 527 551
+17054 360 369
-17055 224 238
+17058 185 224
-17064 439 473
-17066 171 202
+17067 484 493
+17070 14 32
+17071 223 235
-17079 367 390
+17098 283 288
+17116 454 500
-17123 362 396
+17133 293 358
-17149 359 418
-17159 322 339
+17167 137 197
-17171 527 539
+17172 452 490
-17173 572 589
+17175 227 253
-17180 359 367
-17183 476 501
+17184 206 235
-17187 580 591
-17188 55 108
-17189 551 567
-17191 241 269
-17192 297 318
+17205 269 290
+17206 527 564
+17209 32 45
-17211 502 523
+17217 190 216
-17218 3 31
+17225 548 569
+17228 154 172
-17256 136 161
-17257 565 577
+17258 1 26
-17259 224 240
-17261 200 222
+17268 64 86
-17269 240 269
+17278 306 358
-17279 200 235
-17289 425 451
+17290 200 221
-17291 14 39
-17292 203 225
-17295 135 167
+17306 219 244
+17307 17 32
+17308 242 255
+17310 95 124
-17311 79 94
+17315 537 552
+17317 200 214
-17318 417 463
-17319 172 219
-17320 248 269
-17322 55 102
+17323 102 167
-17325 67 87
-17331 137 169
-17332 440 492
+17333 223 239
-17334 538 573
-17335 490 502
+17345 504 544
+17346 501 523
-17347 302 313
-17349 65 84
-17354 15 37
-17355 28 48
-17363 83 91
+17366 393 406
-17369 63 79
+17384 535 548
+17402 488 501
-17411 499 521
+17420 64 89
-17421 365 442
-17426 469 496
-17429 500 546
+17440 553 569
+17441 494 505
+17442 501 522
+17447 373 410
-17449 319 346
-17451 2 31
+17453 422 443
+17454 165 178
+17456 269 280
-17460 269 288
-17461 281 300
+17462 532 558
-17463 132 150
-17465 270 284
+17471 360 395
-17474 522 553
-17475 95 129
-17492 282 294
-17538 412 476
+17539 431 465
-17551 359 385
-17571 223 263
+17579 413 467
+17580 283 293
-17581 572 587
+17583 360 377
-17585 545 568
-17590 156 169
-17592 585 592
+17596 125 148
-17597 453 481
+17599 240 249
-17605 93 102
-17608 360 366
+17609 1 27
+17612 236 253
+17613 66 107
-17625 281 303
+17627 45 58
+17634 505 526
-17639 284 310
+17642 102 138
-17658 497 505
+17689 158 177
-17697 200 227
-17725 315 327
+17730 488 522
+17732 488 504
+17737 180 235
-17744 449 466
-17746 361 373
-17747 533 549
+17749 360 390
-17755 33 93
-17756 449 494
+17757 553 594
-17758 133 151
+17766 37 68
-17769 473 493
-17771 340 359
+17772 367 414
+17773 62 92
-17774 452 476
-17775 453 488
-17776 395 427
-17779 501 533
-17781 288 312
+17782 137 184
+17783 461 493
-17784 482 491
-17785 148 186
-17787 19 38
+17789 63 84
-17791 422 454
-17792 270 290
+17795 284 294
+17796 392 417
+17806 395 413
-17807 117 134
-17830 477 490
-17831 269 280
+17837 29 58
-17841 270 315
-17848 277 341
-17850 102 125
-17859 315 341
-17861 252 269
-17874 527 539
-17890 373 460
+17904 83 89
+17908 188 231
-17910 316 338
-17911 361 398
+17917 180 221
+17920 1 25
-17921 545 584
+17922 418 436
+17926 370 398
-17927 270 277
-17930 201 228
-17931 361 373
-17933 428 476
-17935 317 338
-17941 297 304
-17942 227 253
-17943 238 262
-17944 570 589
-17945 244 262
-17947 214 227
+17948 298 333
+17949 360 372
+17950 244 269
-17954 19 25
-17968 148 163
+17969 222 242
+17974 368 411
-17983 503 534
-17985 502 526
-17989 586 598
+17990 295 327
-18001 319 359
-18007 269 287
-18026 587 594
-18035 274 286
-18038 138 195
+18039 347 359
-18043 573 587
-18044 244 269
-18047 49 102
-18052 361 375
-18053 53 93
+18062 584 591
-18064 1 23
-18065 43 63
-18067 452 467
+18068 146 177
-18070 436 453
+18074 463 490
-18075 217 241
-18076 406 413
-18081 425 453
-18087 339 358
+18088 65 83
+18136 467 499
+18145 526 544
-18150 96 139
-18155 306 349
+18168 533 585
+18169 501 527
+18173 334 358
+18176 180 195
+18177 561 585
+18182 170 200
-18183 381 408
+18187 107 129
+18189 300 328
-18192 587 598
-18198 136 180
-18199 122 137
-18200 490 509
+18201 82 86
-18202 62 93
-18206 138 172
+18207 499 523
+18212 11 23
-18216 500 520
-18226 554 561
+18229 545 569
-18233 417 435
-18234 548 569
-18254 575 585
+18279 348 359
-18280 170 179
-18314 35 61
-18323 360 387
+18334 295 358
-18349 128 148
-18353 2 19
-18356 137 197
-18357 216 272
+18360 497 533
-18363 1 28
-18365 217 269
-18367 53 68
-18373 237 255
-18375 66 93
+18378 146 169
+18379 438 484
-18380 569 586
+18382 517 559
+18383 535 552
-18384 140 169
+18385 192 227
-18388 122 137
+18389 444 482
-18390 543 572
+18391 298 317
-18392 360 382
+18396 280 300
+18397 488 506
+18398 427 438
+18409 294 315
+18411 495 503
+18412 269 274
-18424 269 279
+18429 377 401
-18438 270 359
-18446 82 102
-18462 466 513
-18472 84 102
+18483 108 138
+18484 55 75
+18488 381 424
-18491 494 501
+18492 340 358
-18496 162 197
-18498 75 94
+18499 412 465
+18500 66 87
+18501 37 55
-18502 235 269
+18504 251 269
+18505 2 51
-18507 361 396
-18511 495 503
+18512 455 490
+18518 521 539
-18520 28 58
-18530 379 389
-18541 461 478
-18542 164 218
-18544 367 390
+18547 478 503
+18560 126 199
+18564 91 119
+18568 538 587
-18580 150 173
+18583 359 370
+18586 148 163
+18587 577 592
+18590 261 269
+18597 102 128
+18598 334 359
-18599 389 425
-18601 245 269
+18602 361 382
+18603 85 108
-18604 433 469
+18608 217 243
-18613 417 437
-18614 570 582
-18616 158 178
+18619 287 317
+18621 481 501
+18624 7 28
-18625 140 172
+18629 303 318
+18630 581 595
-18633 233 268
-18635 417 449
+18638 133 162
-18640 321 359
-18643 37 58
+18650 461 483
-18651 203 218
+18675 286 332
-18677 107 146
+18703 183 203
+18705 53 63
+18712 288 311
+18721 413 452
+18722 93 119
+18733 577 596
-18735 298 359
-18744 411 449
+18746 530 547
+18752 462 484
-18754 83 93
-18756 105 137
+18757 201 214
-18762 520 556
+18766 452 481
-18767 477 501
-18770 536 572
-18772 528 560
+18775 93 117
+18777 408 452
-18779 232 269
+18780 89 106
-18781 400 410
-18782 176 182
+18784 563 587
+18786 474 493
-18787 76 92
-18791 245 269
+18793 433 454
-18800 174 186
-18818 360 435
+18819 173 188
+18824 5 19
+18830 118 153
-18836 202 212
-18844 508 549
+18845 39 68
-18849 547 583
+18850 571 585
+18856 392 411
+18859 217 234
-18872 1 19
-18873 393 409
+18877 213 221
+18878 246 267
-18880 240 248
-18881 188 213
-18883 275 298
-18888 8 16
-18897 369 390
-18903 339 358
+18906 360 377
+18908 455 484
+18911 338 359
-18913 137 177
-18918 364 396
-18920 156 172
+18921 416 428
+18922 523 537
+18925 102 137
+18928 560 584
-18931 472 490
-18934 377 389
+18938 55 82
-18945 48 60
-18964 142 168
-18970 422 439
-18981 24 94
-18995 244 269
-18997 523 553
-18999 102 155
-19000 247 269
+19009 269 279
+19010 20 31
-19011 360 370
-19013 468 500
+19016 123 137
-19020 417 430
+19022 365 408
+19023 180 212
+19024 322 359
-19030 114 134
+19032 360 367
+19037 1 37
+19039 281 312
+19040 233 268
+19045 362 369
+19048 53 77
+19052 269 287
-19053 381 409
+19059 360 371
-19084 192 239
-19085 173 201
+19086 344 359
+19088 32 54
-19089 553 569
-19093 423 460
-19099 226 269
+19100 381 403
+19103 200 237
-19106 66 128
-19112 59 80
+19113 52 84
+19116 183 202
-19121 3 15
-19124 422 464
-19125 24 51
+19127 269 282
+19128 567 584
-19131 1 17
+19132 424 452
+19133 221 239
-19134 274 289
+19135 1 15
-19136 52 86
+19139 476 501
-19140 422 437
+19142 108 141
+19143 37 59
-19144 305 314
+19145 204 217
-19147 491 501
+19151 498 508
+19152 328 359
-19155 415 429
+19156 67 76
-19158 203 222
+19160 209 221
+19161 328 357
-19170 202 214
-19182 165 235
+19185 457 476
-19200 189 232
-19202 273 292
-19203 456 483
+19204 381 406
-19205 114 137
+19208 314 328
+19211 114 136
+19214 202 253
-19216 313 335
+19217 274 285
+19218 528 553
+19222 228 242
+19223 73 87
+19224 442 476
-19226 93 106
+19228 74 92
+19229 158 186
-19237 16 39
+19241 371 409
+19242 563 589
+19244 367 395
+19245 474 499
-19247 27 47
-19248 286 316
+19257 495 515
+19258 432 452
-19259 87 97
-19262 404 417
-19273 197 209
+19291 360 367
-19294 501 549
-19304 408 422
+19310 476 505
+19311 150 198
-19313 107 134
+19314 285 293
+19324 126 154
+19326 156 171
-19327 28 53
+19333 417 445
+19337 467 494
-19341 131 153
-19344 523 543
+19349 277 289
-19352 322 359
-19353 104 133
-19354 578 595
-19355 221 239
+19359 142 154
-19360 535 551
+19362 244 266
+19371 318 352
+19372 269 290
+19374 404 419
+19375 472 501
-19377 319 359
+19379 23 45
-19381 149 170
+19394 339 358
+19395 297 332
-19424 389 443
-19430 203 217
+19432 361 388
+19444 282 293
+19445 438 462
-19446 295 333
+19448 1 15
-19451 269 283
-19458 360 425
-19468 116 134
-19470 472 489
-19474 144 153
-19475 244 269
-19477 59 93
-19478 374 404
-19479 14 41
+19483 223 233
+19484 155 187
-19485 149 184
+19486 225 244
+19487 91 116
-19488 462 490
-19491 158 172
+19494 247 268
+19495 86 116
+19496 517 526
+19499 102 134
-19500 364 399
+19504 205 217
-19516 505 523
-19535 503 509
-19538 504 522
+19543 575 585
-19547 143 172
-19551 55 81
-19553 405 409
+19565 244 256
+19576 154 218
-19577 571 589
-19587 82 93
-19592 456 476
-19599 524 548
-19606 130 151
-19607 585 594
+19619 292 310
-19627 240 256
-19628 80 94
+19631 473 488
+19650 260 268
+19651 126 198
-19652 367 380
+19653 230 250
+19656 470 492
+19657 140 161
-19669 430 460
+19671 156 183
-19672 205 234
-19677 196 223
+19682 372 383
-19693 218 227
-19702 340 359
-19705 363 408
-19707 56 93
-19708 422 453
+19714 337 359
-19717 362 371
+19718 277 296
+19721 137 177
-19727 438 476
+19730 96 134
-19731 482 495
-19732 16 31
-19733 504 526
-19735 530 572
-19739 506 523
+19740 359 373
-19741 325 359
-19742 360 369
+19748 205 227
+19749 289 299
-19751 488 515
-19753 523 551
-19755 23 61
+19756 318 337
-19761 307 340
-19768 83 101
-19785 430 451
-19816 269 315
-19817 361 383
+19819 325 358
+19820 529 559
+19821 20 43
-19829 558 573
-19833 83 154
-19837 561 573
+19843 200 219
+19844 317 358
+19847 279 302
-19849 514 546
+19858 1 16
-19860 1 12
+19861 359 420
-19862 279 290
+19863 339 358
-19873 360 374
+19874 216 230
+19878 364 403
+19880 90 136
-19885 189 205
-19886 431 464
+19887 74 91
+19888 65 86
+19890 120 146
+19891 338 358
+19893 156 194
+19894 543 559
+19896 188 209
+19901 102 148
-19906 282 290
+19907 102 137
-19909 566 582
+19914 217 231
+19915 105 144
+19917 138 172
+19920 216 237
-19924 70 91
-19934 572 585
-19981 312 359
-19991 200 229
+20008 280 287
+20009 269 294
-20022 273 340
-20027 231 244
-20035 335 357
+20036 562 585
-20040 454 486
+20043 520 562
+20046 561 572
+20055 378 396
-20060 279 289
+20061 397 430
-20062 440 501
+20063 269 302
-20065 65 87
-20069 269 295
-20070 529 559
+20073 51 63
+20077 222 242
+20078 449 475
-20082 428 454
-20092 56 93
-20099 565 594
-20101 274 293
+20110 591 598
+20113 583 596
-20117 32 55
+20152 317 356
-20153 360 390
+20154 1 38
+20155 504 526
-20156 247 261
-20160 2 18
+20186 392 418
-20188 307 338
+20191 435 496
-20196 336 359
-20197 360 367
-20206 477 501
+20211 19 46
-20216 333 359
-20219 360 369
+20223 319 358
+20225 360 387
-20226 368 407
-20229 473 503
-20230 20 67
-20231 296 342
-20236 298 359
+20253 359 377
-20258 81 102
-20264 31 62
-20275 315 326
+20299 29 82
+20305 360 375
+20316 515 536
-20346 534 584
+20351 319 345
-20354 158 211
+20364 1 19
-20365 3 80
-20367 144 158
+20376 214 231
-20378 1 20
-20379 500 523
-20383 531 544
+20385 96 125
+20388 55 86
-20389 269 278
-20390 220 245
-20392 129 176
+20394 360 390
+20395 102 138
+20399 411 449
+20401 273 287
+20408 192 214
+20416 288 315
+20417 292 311
-20477 269 282
+20479 527 541
+20481 164 195
-20482 223 232
+20488 172 201
+20492 223 250
+20493 551 582
+20511 81 92
+20512 24 64
-20530 388 403
+20536 23 61
-20539 55 81
+20540 269 289
+20551 332 359
+20560 130 151
-20562 316 333
+20566 31 61
-20568 104 129
-20572 206 217
+20575 22 64
-20578 318 374
+20581 32 82
+20583 217 233
-20584 340 358
-20587 494 517
+20590 449 458
+20592 363 393
-20594 233 269
+20644 582 593
-20657 239 269
+20660 82 93
-20667 230 261
+20685 360 383
-20687 40 53
-20696 360 378
-20699 86 122
+20708 19 42
+20716 570 592
+20721 228 240
-20722 460 476
+20724 414 437
-20726 364 403
-20731 377 393
+20734 137 155
+20745 551 585
+20751 286 302
-20754 371 396
+20761 277 287
+20797 63 87
-20799 216 235
-20803 190 269
+20804 402 430
-20808 4 36
-20813 305 326
+20820 93 102
-20823 269 288
+20825 217 239
+20827 393 428
-20829 362 395
-20837 498 526
-20842 161 176
-20846 472 492
+20849 568 584
-20853 279 294
-20856 360 369
-20857 364 386
-20858 184 205
-20863 508 559
-20864 565 594
+20867 148 198
+20868 502 523
-20869 120 168
+20874 378 420
-20875 117 163
-20880 246 269
+20881 328 359
+20882 270 293
+20883 283 318
+20884 417 446
+20885 224 248
-20886 478 502
-20888 370 387
+20889 288 317
-20890 62 86
-20892 102 134
+20895 85 95
-20896 570 585
-20899 311 329
-20900 321 346
-20901 585 594
-20914 200 231
-20915 72 86
+20916 272 280
+20917 273 289
-20918 286 317
+20922 534 571
+20923 102 196
+20925 195 226
+20938 308 316
-20940 502 523
-20942 242 248
+20944 269 313
+20945 367 406
+20948 81 87
+20952 218 235
-20956 80 94
-20957 141 169
-20965 444 468
+20971 296 315
-20978 193 215
+20982 440 476
+20983 361 404
+20985 361 372
-20987 279 301
+20990 269 286
-20991 436 465
-20993 72 91
-20994 216 234
-20995 153 173
-20998 446 476
+20999 421 454
-21003 272 290
+21006 454 470
+21008 571 587
+21009 382 395
-21010 440 461
-21011 209 230
+21013 64 86
-21021 132 156
+21032 482 493
+21034 432 451
-21041 304 317
+21061 573 594
-21062 193 213
+21063 405 416
-21070 526 544
+21088 571 598
-21092 21 61
-21099 482 499
+21106 1 31
-21117 521 534
+21119 269 305
+21120 572 592
+21125 293 329
-21126 505 531
+21128 152 180
+21129 269 288
-21130 320 359
-21132 169 184
+21135 501 523
-21136 132 169
-21137 82 122
+21139 269 291
-21140 269 279
+21148 70 86
-21184 372 451
-21192 373 410
+21234 222 245
+21248 443 462
+21264 368 417
+21275 319 352
+21278 108 176
-21283 548 569
-21284 561 572
+21285 360 381
-21286 359 380
+21287 13 47
+21288 89 96
-21290 183 212
+21295 269 278
+21296 87 124
-21298 361 373
+21304 93 105
-21307 478 505
-21308 476 501
+21313 427 465
-21314 91 129
+21318 87 122
+21320 319 356
+21355 33 58
+21356 297 356
-21359 455 487
+21360 396 417
+21366 476 500
+21375 435 492
+21376 120 141
-21381 150 171
+21386 271 293
-21396 129 140
+21398 496 506
+21399 230 244
-21400 247 269
-21405 426 477
-21408 93 103
-21409 313 359
-21410 37 64
-21415 339 358
+21416 170 186
+21418 176 200
+21419 269 284
-21422 498 515
-21424 102 132
-21428 543 565
+21429 428 451
+21431 300 325
+21432 503 522
+21433 202 228
+21436 565 595
-21439 176 182
+21440 198 220
+21441 392 416
+21448 87 110
-21485 463 499
-21486 105 139
+21490 96 128
-21496 129 156
+21502 293 345
+21504 130 149
-21513 269 279
+21534 531 560
-21535 296 326
-21543 138 153
-21545 360 374
-21546 283 300
-21547 108 148
+21549 316 334
+21551 415 432
+21554 504 532
+21555 216 231
-21557 169 197
-21558 555 580
+21560 296 312
+21566 28 47
-21567 183 197
+21573 291 322
+21576 129 156
+21595 294 318
-21597 398 415
-21607 527 534
+21632 23 52
+21633 560 586
+21634 498 522
+21635 397 422
-21636 200 213
-21662 80 89
+21663 303 317
-21665 523 544
+21674 577 597
+21687 443 460
-21688 378 397
+21689 81 101
-21690 230 269
+21694 474 493
+21695 436 468
+21697 440 454
-21705 269 280
+21707 129 195
+21708 397 448
+21709 1 22
+21713 297 315
-21716 1 15
-21727 290 331
+21731 1 28
-21732 521 537
+21737 122 146
-21744 425 449
-21766 467 484
-21767 290 315
+21768 454 503
-21769 535 562
-21770 566 584
-21774 197 213
+21775 359 376
+21786 10 32
-21796 201 227
+21800 94 106
+21805 47 75
-21806 414 474
+21807 476 493
-21808 486 498
-21809 94 119
-21818 538 578
+21819 273 302
-21820 455 470
-21821 421 435
+21822 66 94
-21825 24 38
-21828 34 55
-21832 249 269
+21835 52 89
+21838 548 572
-21840 89 115
+21847 86 125
+21852 145 163
-21854 27 60
+21855 240 268
-21868 430 449
+21869 65 82
+21875 370 387
-21913 396 411
+21919 486 493
+21929 389 448
-21932 486 495
-21933 27 64
-21937 316 359
-21944 269 278
+21947 137 186
-21948 186 204
+21953 287 302
+21954 361 371
-21958 234 268
-21960 430 453
+21961 482 501
-21964 193 221
-21965 295 312
-21966 94 102
-21968 467 493
-21969 269 293
+21970 545 561
-21971 33 50
+21974 500 527
-21976 438 447
-22021 501 515
-22023 32 53
+22024 307 358
-22028 488 526
-22045 360 396
+22047 325 340
+22052 544 572
+22058 16 43
+22060 476 491
-22067 500 519
-22072 360 381
+22073 377 416
-22074 310 359
-22079 304 312
+22080 374 389
-22084 223 239
+22085 87 124
-22088 403 433
-22091 466 490
+22092 326 359
+22093 531 543
-22095 529 544
-22097 493 519
-22100 381 401
+22101 549 565
-22102 227 241
+22106 490 503
-22109 362 407
-22110 509 544
-22113 361 387
-22114 476 501
-22121 203 218
-22129 578 587
-22132 280 288
+22134 301 318
-22170 202 242
-22190 359 390
-22209 5 34
+22213 55 69
+22216 137 156
-22235 341 357
-22238 539 560
-22249 224 255
+22250 535 571
-22258 473 501
+22267 60 81
+22268 486 505
-22274 475 493
+22290 93 105
-22315 551 567
+22316 474 496
+22324 339 359
+22339 424 453
-22345 345 358
+22350 559 572
+22353 1 23
-22354 242 269
+22362 279 328
-22363 337 356
-22366 20 80
+22368 148 175
+22371 182 202
-22374 102 127
+22375 128 152
-22378 202 255
+22379 549 567
+22380 137 149
-22383 524 548
-22384 132 167
+22388 386 434
+22394 506 537
-22396 361 373
+22399 408 436
-22401 270 294
-22403 277 293
-22405 282 318
+22406 509 547
+22407 575 589
-22408 269 277
-22409 422 451
-22411 360 375
+22412 363 394
-22413 362 381
+22415 543 552
+22422 60 74
-22436 269 277
-22437 269 278
-22438 129 148
-22444 93 123
-22452 361 374
-22465 142 194
-22477 501 520
-22482 296 310
+22486 415 442
+22488 39 78
-22490 524 541
-22492 111 129
+22493 522 556
-22494 330 358
-22506 328 358
+22509 572 586
-22511 487 510
+22512 1 52
+22513 225 243
+22516 494 503
+22519 501 527
+22520 136 183
+22522 318 355
+22523 463 496
-22525 197 213
+22527 1 27
-22530 499 527
-22531 285 313
+22533 223 239
+22535 218 231
+22536 332 350
+22557 392 435
-22559 523 559
-22571 20 58
-22575 378 396
+22589 24 52
-22591 493 515
-22592 360 370
-22598 408 425
+22608 500 524
+22610 72 115
-22613 49 82
+22615 289 315
-22620 172 195
-22624 269 286
-22625 478 489
-22627 496 507
-22629 496 515
-22632 124 139
+22636 221 241
-22639 371 413
-22641 81 89
+22642 279 315
+22645 307 350
-22647 360 386
+22648 200 218
+22652 438 466
+22657 498 519
+22669 316 332
-22687 200 216
-22696 79 86
+22723 453 466
-22727 549 580
+22732 452 475
-22744 316 356
-22748 513 530
+22749 463 488
+22759 417 433
+22762 298 322
-22763 80 93
+22765 305 347
+22768 453 483
-22769 111 134
-22773 472 502
+22774 501 529
+22836 93 142
-22855 364 403
+22863 170 182
-22865 316 356
+22870 125 148
-22873 87 96
+22877 220 241
-22881 27 51
+22884 271 285
-22887 338 359
-22890 360 404
-22892 534 557
-22895 222 237
-22897 411 434
+22904 32 65
+22905 556 587
-22906 217 229
-22909 486 515
+22910 463 491
+22913 317 359
+22914 303 349
-22916 401 438
+22950 11 32
+22953 81 101
+22954 1 19
+22956 536 566
-22963 502 513
+22984 438 483
+22989 1 26
-23002 79 93
+23004 318 359
-23012 368 403
+23014 269 287
-23015 1 19
+23017 29 59
-23018 148 163
-23023 388 416
-23024 522 569
+23025 153 196
-23027 102 144
-23028 504 549
-23032 245 269
-23034 153 197
+23038 365 391
-23040 229 269
+23041 572 580
+23044 580 593
+23046 213 223
-23057 471 482
+23072 288 310
-23082 563 586
