310	27.0659	51	73	0	16 
-457	20.1387	214	228	1	16 
-500	35.0353	500	516	0	14 
-793	42.4862	462	481	0	21 
1243	27.5104	477	490	1	12 
1464	30.2471	517	533	0	13 
1537	65.5847	431	461	0	27 
-1695	17.3141	543	556	1	10 
2163	19.9419	177	190	0	13 
2513	45.149	454	474	0	18 
-3027	3.99455	494	509	0	8 
3313	49.672	95	122	0	21 
3405	38.1975	288	302	0	15 
3424	28.6696	482	493	0	10 
4092	1.60161	79	102	0	20 
-4360	13.2964	179	197	0	17 
-5020	32.0872	34	49	1	14 
-5034	23.3151	531	552	0	15 
-5238	32.4714	489	503	0	14 
-5381	37.3909	520	537	0	19 
-5403	44.1024	333	349	0	16 
-5478	38.507	107	134	0	20 
5575	37.9701	519	534	0	14 
5577	13.7303	238	245	0	9 
5887	39.0161	237	253	0	17 
5930	32.6929	52	66	0	12 
-6112	68.5984	167	200	0	29 
6137	20.3733	93	102	0	9 
-6164	39.9794	360	381	1	24 
6185	61.8659	484	515	0	29 
6438	40.5824	242	262	0	16 
-6569	55.0307	65	96	0	27 
-7375	39.4907	161	182	0	20 
-8100	28.2866	399	413	0	13 
-8106	48.9656	48	73	0	21 
-8237	48.8997	425	453	0	24 
-8357	23.1486	85	95	0	9 
8648	60.6792	360	394	0	30 
8655	59.879	456	487	0	28 
-8663	63.2721	293	331	2	40 
8792	48.7321	38	61	0	20 
-8941	12.4862	438	470	0	28 
9040	35.5824	360	395	0	29 
-9061	14.6966	360	368	0	6 
-9785	42.1416	413	430	1	17 
9816	131.334	414	475	0	62 
-10241	95.3078	418	473	0	46 
10403	48.4479	481	500	0	20 
10831	25.3828	388	403	0	15 
-11168	30.0902	301	316	0	12 
11670	57.339	18	45	0	25 
-12307	30.8582	422	451	0	24 
12311	37.8223	569	586	1	18 
-12594	64.492	48	86	0	32 
12666	48.3916	339	359	0	19 
-12816	37.0148	20	41	0	17 
-12827	59.3851	15	41	0	25 
-14146	33.6111	270	287	0	14 
14253	48.7757	66	92	0	27 
-14813	14.3349	311	323	0	13 
14836	33.0819	428	443	0	14 
-14867	57.9344	188	216	0	22 
-15319	32.9485	502	521	1	16 
-15378	13.0258	359	366	0	8 
-15406	48.1705	244	269	0	24 
15428	76.4085	408	448	0	38 
15700	40.9659	23	44	1	17 
-15813	46.2903	360	387	0	22 
-15986	116.994	192	269	0	68 
-16330	61.0278	171	200	0	27 
-16435	29.5216	560	576	0	18 
17456	25.3295	269	280	0	10 
17749	50.1725	360	390	0	28 
-19053	68.8995	381	409	0	27 
-19477	41.6415	59	93	1	29 
-19551	38.6399	55	82	1	19 
19714	41.4144	337	359	0	18 
-19753	36.9502	523	550	0	24 
-20092	81.1034	56	93	0	32 
-20231	65.4602	296	342	0	37 
-20837	53.7673	497	526	0	26 
20883	71.6386	283	318	0	35 
22058	51.8184	16	43	0	22 
22085	32.0836	87	124	0	31 
-22401	46.0379	270	294	0	19 
22509	23.5785	572	586	0	13 
22589	52.4179	24	52	0	25 
22610	80.1468	72	115	0	35 
-22897	36.3305	410	434	0	19 
